0.461278 -0.88698 0.0221267 0.674159 0.88716 0.461451 0.00315721 0.57249 -0.0130108 0.0181736 0.99975 0.783194
0.474135 -0.880286 0.0170924 0.901687 0.880356 0.474281 0.0055673 1.02022 -0.0130074 0.0124077 0.999838 0.78992
0.489774 -0.871752 0.0130602 1.13412 0.871736 0.489897 0.00877715 1.45054 -0.0140496 0.00708621 0.999876 0.795139
0.508188 -0.861129 0.0141989 1.37897 0.861115 0.508329 0.00909049 1.85726 -0.0150458 0.0076072 0.999858 0.797633
0.529879 -0.847886 0.0178119 1.63297 0.847909 0.530073 0.00855287 2.24365 -0.0166935 0.0105709 0.999805 0.801742
0.553939 -0.832316 0.0200388 1.8932 0.832341 0.554183 0.00946649 2.6162 -0.0189843 0.0114352 0.999754 0.805008
0.580416 -0.81404 0.0213811 2.16092 0.814039 0.580705 0.0110241 2.97616 -0.0213902 0.0110065 0.999711 0.807155
0.609773 -0.792268 0.0221172 2.43965 0.792239 0.61009 0.0121427 3.31892 -0.0231138 0.0101178 0.999682 0.80709
0.641585 -0.766729 0.0222424 2.72782 0.766673 0.64191 0.0128038 3.64622 -0.0240947 0.00883793 0.999671 0.804662
0.675202 -0.737279 0.0228317 3.02811 0.737202 0.675542 0.0132873 3.95175 -0.0252202 0.00786001 0.999651 0.803724
0.710393 -0.703498 0.0208086 3.3374 0.703373 0.710682 0.0140418 4.2338 -0.0246667 0.004661 0.999685 0.805199
0.747152 -0.664378 0.0191339 3.65821 0.664251 0.747392 0.0132648 4.49142 -0.0231134 0.00279893 0.999729 0.805613
0.784168 -0.620273 0.0185068 3.98942 0.620148 0.784384 0.012545 4.72266 -0.0222978 0.00163962 0.99975 0.8019
0.82016 -0.571861 0.0176762 4.32919 0.571728 0.82035 0.0123397 4.92756 -0.0215572 -1.45333e-05 0.999768 0.795189
0.854501 -0.519177 0.0168189 4.67653 0.519048 0.854666 0.0116326 5.10547 -0.020414 -0.00121026 0.999791 0.7876
0.886216 -0.462951 0.017243 5.03284 0.462865 0.886384 0.00890949 5.2523 -0.0194086 8.54516e-05 0.999812 0.781955
0.91411 -0.40509 0.0174733 5.39293 0.405008 0.914277 0.00817745 5.37603 -0.019288 -0.000398272 0.999814 0.780347
0.938021 -0.346022 0.0196061 5.75952 0.345923 0.938226 0.00834818 5.47679 -0.0212836 -0.00104857 0.999773 0.77806
0.957908 -0.286232 0.021983 6.13391 0.286058 0.958152 0.0107739 5.55464 -0.0241469 -0.00403206 0.9997 0.771812
0.973808 -0.226135 0.0236832 6.5093 0.225932 0.974082 0.010957 5.60737 -0.0255472 -0.00531921 0.999659 0.763759
0.985751 -0.166518 0.0237963 6.88829 0.166369 0.98603 0.00810082 5.62964 -0.0248128 -0.00402643 0.999684 0.754752
0.993769 -0.108801 0.0241835 7.26454 0.108776 0.994063 0.00235731 5.62862 -0.0242964 0.000287963 0.999705 0.747102
0.998289 -0.0534752 0.0236633 7.63877 0.0533979 0.998566 0.00388742 5.61537 -0.0238372 -0.0026172 0.999712 0.742231
0.999726 0.000700234 0.0233924 8.01526 -0.000901151 0.999963 0.00857954 5.58979 -0.0233855 -0.00859827 0.99969 0.735926
0.998427 0.0513613 0.0225048 8.39151 -0.0516055 0.998613 0.0104046 5.54389 -0.0219392 -0.0115496 0.999693 0.728958
0.995 0.0975045 0.0216142 8.76173 -0.0976229 0.995213 0.00449212 5.47006 -0.0210727 -0.0065797 0.999756 0.721191
0.989938 0.139744 0.0222327 9.13455 -0.139551 0.990164 -0.0100372 5.36905 -0.0234167 0.00683357 0.999702 0.709635
0.983969 0.176771 0.0236049 9.50534 -0.176421 0.984182 -0.016183 5.26578 -0.0260923 0.0117592 0.99959 0.70014
0.977418 0.210212 0.0215639 9.87953 -0.209961 0.977619 -0.013331 5.16885 -0.0238836 0.00850241 0.999679 0.693041
0.970272 0.241178 0.0201108 10.2564 -0.241197 0.970475 -0.00154721 5.07504 -0.0198902 -0.00334945 0.999797 0.693129
0.962809 0.269513 0.0190298 10.634 -0.269661 0.962939 0.00564699 4.96368 -0.0168026 -0.0105686 0.999803 0.696632
0.955514 0.294455 0.0169702 11.015 -0.294583 0.95561 0.00549768 4.82799 -0.0145981 -0.0102522 0.999841 0.695569
0.94818 0.317448 0.0134872 11.3962 -0.317486 0.948263 0.000724108 4.67349 -0.0125595 -0.00496857 0.999909 0.691214
0.94152 0.336934 0.00383876 11.7822 -0.336915 0.941523 -0.00477382 4.50184 -0.00522274 0.00320131 0.999981 0.671418
0.934693 0.35543 -0.00438652 12.1773 -0.355446 0.93469 -0.00358807 4.33208 0.00282473 0.00491292 0.999984 0.653228
0.928186 0.372088 -0.00458592 12.591 -0.372094 0.928195 -0.000557145 4.15678 0.00404932 0.00222353 0.999989 0.648123
0.922286 0.386504 0.00167935 13.0197 -0.386505 0.922287 0.000442812 3.96801 -0.0013777 -0.00105748 0.999999 0.653797
0.91649 0.400022 0.00527562 13.4501 -0.400023 0.916505 -0.000873649 3.76287 -0.00518461 -0.00130968 0.999986 0.659272
0.910944 0.412478 0.00659334 13.886 -0.412463 0.910967 -0.00353964 3.54442 -0.00746634 0.000504901 0.999972 0.661459
0.90594 0.423367 0.00577645 14.3283 -0.423326 0.90595 -0.00711225 3.3128 -0.00824427 0.00399795 0.999958 0.659338
0.901426 0.432916 0.0038176 14.7821 -0.432865 0.901407 -0.00966894 3.071 -0.00762704 0.00706333 0.999946 0.657282
0.897647 0.44071 0.00223751 15.249 -0.440661 0.897604 -0.01123 2.82039 -0.00695757 0.00909459 0.999934 0.655661
0.894941 0.446182 0.00121058 15.7303 -0.446134 0.894878 -0.0125573 2.55976 -0.00668617 0.010698 0.99992 0.652511
0.892315 0.451414 -0.000414951 16.2251 -0.451379 0.892233 -0.0132829 2.29116 -0.00562584 0.0120398 0.999912 0.646911
0.889428 0.457074 -0.00139389 16.7376 -0.457051 0.889345 -0.0130421 2.01212 -0.00472156 0.0122371 0.999914 0.639575
0.887265 0.461253 -0.00249977 17.2666 -0.461235 0.88715 -0.0150448 1.71962 -0.00472177 0.0145017 0.999884 0.63444
0.885608 0.464423 -0.00316325 17.8047 -0.464408 0.885466 -0.0165855 1.41327 -0.00490176 0.0161573 0.999857 0.628305
0.883972 0.467527 -0.00332678 18.361 -0.467509 0.883812 -0.0176289 1.09893 -0.00530173 0.0171387 0.999839 0.623282
0.882472 0.470351 -0.0035266 18.9294 -0.470327 0.882283 -0.0192181 0.770361 -0.00592781 0.0186181 0.999809 0.617318
0.881764 0.471659 -0.00544906 19.5108 -0.471651 0.881479 -0.0232392 0.432322 -0.00615774 0.0230615 0.999715 0.610881
0.881821 0.47153 -0.00713158 20.1039 -0.471541 0.881437 -0.0267935 0.0836082 -0.00634791 0.02699 0.999616 0.602952
0.882598 0.470059 -0.00803764 20.7167 -0.470084 0.882156 -0.0286666 -0.268598 -0.00638456 0.0290795 0.999557 0.595589
0.884037 0.467319 -0.00953922 21.3456 -0.467379 0.883523 -0.03073 -0.625327 -0.0059326 0.0316249 0.999482 0.588933
0.885769 0.464022 -0.00985964 21.9913 -0.464089 0.885224 -0.0316099 -0.988531 -0.00593969 0.0325748 0.999452 0.582673
0.88752 0.460681 -0.00907652 22.6566 -0.460709 0.886911 -0.0336883 -1.35266 -0.00746949 0.0340807 0.999391 0.580217
0.889304 0.457249 -0.0078632 23.3364 -0.457232 0.888677 -0.0345282 -1.71913 -0.00880015 0.0343014 0.999373 0.578277
0.891152 0.45368 -0.00465068 24.0358 -0.453572 0.8906 -0.0332324 -2.08566 -0.010935 0.0317246 0.999437 0.573927
0.892964 0.450118 -0.00308567 24.7413 -0.449967 0.89244 -0.0328716 -2.45377 -0.0120423 0.0307416 0.999455 0.568428
0.894754 0.446551 -0.0026992 25.4567 -0.44642 0.894306 -0.0304281 -2.82069 -0.0111738 0.0284306 0.999533 0.564839
0.896258 0.443509 -0.00452746 26.1761 -0.44346 0.895881 -0.0272158 -3.18582 -0.00801441 0.0264002 0.999619 0.563775
0.896887 0.4422 -0.0073302 26.902 -0.442255 0.896671 -0.0197674 -3.54777 -0.00216837 0.020971 0.999778 0.562939
0.896741 0.44247 -0.00868852 27.6306 -0.442555 0.896597 -0.016114 -3.91654 0.000660128 0.0182952 0.999832 0.562439
0.896771 0.442427 -0.0077292 28.3624 -0.442494 0.896664 -0.0138651 -4.28704 0.000796214 0.0158539 0.999874 0.569692
0.896735 0.44255 -0.00391315 29.0964 -0.442563 0.896651 -0.0124756 -4.65752 -0.00201234 0.0129191 0.999915 0.580988
0.896665 0.442693 -0.00372975 29.8257 -0.442701 0.896569 -0.013429 -5.0319 -0.00260096 0.0136925 0.999903 0.589655
0.896743 0.442549 -0.00169503 30.5558 -0.442536 0.896669 -0.012117 -5.40552 -0.0038425 0.011616 0.999925 0.599094
0.8966 0.442841 -0.000802178 31.2836 -0.442823 0.896545 -0.0106759 -5.78043 -0.00400853 0.00992723 0.999943 0.611753
0.896632 0.442777 -0.000283848 32.0103 -0.442764 0.896602 -0.00809987 -6.15002 -0.00333193 0.00738828 0.999967 0.620596
0.896103 0.443845 0.000117461 32.7357 -0.443839 0.896093 -0.00494368 -6.51968 -0.00229949 0.00437792 0.999988 0.628908
0.894887 0.446291 0.0015705 33.4609 -0.446287 0.894887 -0.00238076 -6.88923 -0.00246793 0.00142961 0.999996 0.637752
0.893168 0.449705 0.00407367 34.1841 -0.449707 0.893176 -0.000547683 -7.26228 -0.0038848 -0.00134278 0.999992 0.647057
0.890962 0.454016 0.00744037 34.9067 -0.454031 0.890986 0.000273789 -7.63852 -0.00650496 -0.00362209 0.999972 0.657576
0.888063 0.459598 0.0106591 35.6251 -0.459634 0.888108 0.00111529 -8.02097 -0.00895388 -0.00588975 0.999943 0.666558
0.884616 0.466183 0.0113023 36.3357 -0.466229 0.884662 0.00172546 -8.40904 -0.00919434 -0.00679583 0.999935 0.673875
0.880521 0.473882 0.0108824 37.0379 -0.473936 0.880555 0.0028671 -8.80027 -0.00822384 -0.00768208 0.999937 0.679087
0.875687 0.482772 0.0101297 37.7334 -0.482821 0.875714 0.0029231 -9.20182 -0.00745955 -0.00745056 0.999944 0.68373
0.87068 0.491739 0.010435 38.4221 -0.491781 0.870717 0.00175286 -9.60752 -0.00822397 -0.00665791 0.999944 0.689786
0.8653 0.501103 0.0123362 39.103 -0.501161 0.865352 0.00196827 -10.0158 -0.00968888 -0.00788559 0.999922 0.696213
0.859634 0.510755 0.0125957 39.7776 -0.510804 0.859697 0.000765655 -10.4339 -0.0104374 -0.00709211 0.99992 0.698809
0.853883 0.520312 0.0126059 40.4428 -0.520359 0.853947 0.000536795 -10.8569 -0.0104855 -0.00701796 0.99992 0.70133
0.84805 0.529776 0.0121735 41.0983 -0.529824 0.848107 0.000893767 -11.2823 -0.00985092 -0.00720776 0.999925 0.704796
0.842287 0.538906 0.0115776 41.7463 -0.538959 0.84233 0.00186268 -11.7124 -0.00874834 -0.00780875 0.999931 0.707686
0.836642 0.547649 0.0105071 42.3834 -0.547695 0.836676 0.00194065 -12.1458 -0.00772822 -0.0073783 0.999943 0.710162
0.831328 0.555699 0.00961705 43.0094 -0.555737 0.831356 0.00175505 -12.5819 -0.00701991 -0.00680358 0.999952 0.713747
0.825912 0.563726 0.00907351 43.6245 -0.563761 0.825937 0.0015821 -13.0213 -0.00660227 -0.00642196 0.999958 0.718903
0.820487 0.571596 0.00884968 44.2309 -0.571627 0.820512 0.00125124 -13.4604 -0.00654607 -0.00608535 0.99996 0.722925
0.81544 0.578779 0.00848566 44.8258 -0.578801 0.815469 8.59601e-05 -13.9027 -0.00687004 -0.0049816 0.999964 0.72818
0.811016 0.584957 0.00883114 45.4116 -0.584966 0.811056 -0.00187593 -14.3457 -0.00825989 -0.0036445 0.999959 0.733579
0.807808 0.589382 0.00867291 45.9859 -0.58936 0.807854 -0.00509857 -14.7871 -0.0100114 -0.000992799 0.999949 0.740809
0.805348 0.59274 0.00859273 46.5546 -0.592679 0.805392 -0.00871525 -15.2278 -0.0120864 0.00192609 0.999925 0.744164
0.803554 0.595168 0.00872433 47.1143 -0.595077 0.803593 -0.0110433 -15.6614 -0.0135834 0.00368226 0.999901 0.746017
0.802451 0.596648 0.00906671 47.6611 -0.596544 0.802492 -0.0118776 -16.0846 -0.0143627 0.00412247 0.999888 0.747712
0.801807 0.597518 0.00882531 48.1983 -0.59741 0.801843 -0.0122068 -16.5008 -0.0143703 0.0045152 0.999887 0.748694
0.802159 0.597064 0.00737066 48.7203 -0.596961 0.802174 -0.0123962 -16.9067 -0.0133139 0.00554377 0.999896 0.74955
0.803792 0.594883 0.00574245 49.2296 -0.594787 0.803784 -0.0126595 -17.3002 -0.0121466 0.0067601 0.999903 0.750666
0.806624 0.591044 0.00494145 49.7286 -0.590957 0.806609 -0.0123398 -17.6783 -0.0112792 0.00703338 0.999912 0.752406
0.811067 0.584934 0.00477193 50.2161 -0.584857 0.811055 -0.0115412 -18.0373 -0.0106212 0.00656983 0.999922 0.755081
0.817271 0.576232 0.00489457 50.6926 -0.576163 0.817265 -0.0106769 -18.3802 -0.0101526 0.00590589 0.999931 0.759023
0.824868 0.565305 0.00485421 51.1564 -0.565239 0.824862 -0.0103981 -18.7044 -0.00988212 0.00583324 0.999934 0.763733
0.834152 0.551519 0.00416128 51.6113 -0.551471 0.834147 -0.00890796 -19.0044 -0.00838402 0.00513577 0.999952 0.768099
0.845233 0.534392 0.00236268 52.0666 -0.534368 0.845225 -0.00666431 -19.2866 -0.00555835 0.00437036 0.999975 0.776105
0.857705 0.514142 0.000253802 52.5225 -0.514137 0.857699 -0.00384318 -19.5531 -0.00219362 0.00316582 0.999993 0.784456
0.871652 0.490125 -0.000804 52.9828 -0.490126 0.87165 -0.00188358 -19.8069 -0.000222384 0.00203589 0.999998 0.791211
0.887029 0.461714 -0.000495813 53.4493 -0.461715 0.887028 -0.00108784 -20.0445 -6.24734e-05 0.00119387 0.999999 0.798267
0.903569 0.42844 0.00130972 53.9214 -0.428437 0.903569 -0.00195541 -20.2638 -0.0020212 0.00120572 0.999997 0.805824
0.920583 0.390519 0.00465931 54.4007 -0.390511 0.920595 -0.00258072 -20.459 -0.00529715 0.000556252 0.999986 0.814497
0.937074 0.349002 0.00952013 54.8844 -0.348992 0.937122 -0.00276528 -20.6285 -0.00988661 -0.000731178 0.999951 0.822796
0.952783 0.303323 0.0141407 55.3756 -0.303339 0.952882 -0.00104164 -20.7753 -0.0137904 -0.00329696 0.9999 0.831106
0.967247 0.253282 0.0167878 55.8667 -0.253335 0.967378 0.00112241 -20.8866 -0.0159559 -0.0053386 0.999858 0.840114
0.979909 0.198713 0.0171003 56.3534 -0.198769 0.980045 0.00164964 -20.9718 -0.0164312 -0.0050155 0.999852 0.84368
0.990183 0.139008 0.0146313 56.8361 -0.139004 0.990291 -0.00132917 -21.0309 -0.014674 -0.000717681 0.999892 0.847096
0.997147 0.0748363 0.00990862 57.3119 -0.0748113 0.997194 -0.00287524 -21.0546 -0.010096 0.00212576 0.999947 0.85079
0.999957 0.00835264 0.00403121 57.7834 -0.00832947 0.999949 -0.00573106 -21.0458 -0.00407887 0.00569723 0.999975 0.85504
0.998233 -0.059423 -0.00021208 58.2492 0.0594216 0.998224 -0.00423819 -20.9968 0.00046355 0.0042181 0.999991 0.857872
0.991856 -0.127315 -0.00353001 58.7085 0.127305 0.991859 -0.00292385 -20.9142 0.00387352 0.00245065 0.999989 0.861054
0.980802 -0.194918 -0.00579607 59.1606 0.194896 0.980815 -0.00410918 -20.8029 0.00648582 0.00290067 0.999975 0.865917
0.965359 -0.260874 -0.00519441 59.6043 0.260842 0.965362 -0.00617384 -20.6632 0.00662508 0.00460505 0.999967 0.873887
0.945643 -0.325204 -0.00100281 60.038 0.325193 0.94563 -0.00584929 -20.4919 0.00285049 0.00520523 0.999982 0.883795
0.921687 -0.3879 0.00526859 60.4585 0.387923 0.921681 -0.00446139 -20.2891 -0.00312539 0.00615581 0.999976 0.895087
0.894489 -0.446978 0.0100199 60.8638 0.447017 0.894523 -0.00197804 -20.0548 -0.00807887 0.00624839 0.999948 0.904707
0.865052 -0.501445 0.0154429 61.2586 0.501491 0.865162 0.000964941 -19.7964 -0.0138445 0.00690976 0.99988 0.910595
0.835033 -0.549892 0.0183836 61.6401 0.549886 0.835219 0.00581752 -19.5124 -0.0185533 0.00525106 0.999814 0.917764
0.806082 -0.591504 0.0188457 62.0071 0.591439 0.806295 0.00942449 -19.2088 -0.0207698 0.0035492 0.999778 0.92088
0.779605 -0.626058 0.0163748 62.3638 0.625848 0.779773 0.0164056 -18.8786 -0.0230395 -0.00254172 0.999731 0.917201
0.755764 -0.654731 0.012219 62.7094 0.654506 0.755841 0.0180287 -18.5424 -0.0210396 -0.00562805 0.999763 0.908229
0.733915 -0.679172 0.00974195 63.0552 0.678953 0.733946 0.0185945 -18.1975 -0.0197789 -0.00703245 0.99978 0.898418
0.717347 -0.696588 0.0133609 63.4057 0.696453 0.717471 0.0136905 -17.8537 -0.0191227 -0.000515616 0.999817 0.89185
0.70578 -0.708254 0.0158225 63.7541 0.708162 0.705952 0.0118032 -17.5 -0.0195296 0.00287446 0.999805 0.89034
0.69637 -0.717566 0.012937 64.0997 0.717434 0.69649 0.013806 -17.1306 -0.0189172 -0.000332619 0.999821 0.883253
0.689197 -0.724519 0.00892816 64.4491 0.724325 0.689231 0.0177148 -16.7474 -0.0189883 -0.00574207 0.999803 0.869747
0.684581 -0.72893 0.0030194 64.8005 0.728722 0.684474 0.0214567 -16.3566 -0.0177071 -0.0124885 0.999765 0.862516
0.682447 -0.730926 -0.00361035 65.1604 0.730801 0.68222 0.0224837 -15.9597 -0.0139709 -0.0179824 0.999741 0.860029
0.681774 -0.731536 -0.00625766 65.5317 0.731467 0.681522 0.0219774 -15.5605 -0.0118125 -0.0195609 0.999739 0.861503
0.683368 -0.730039 -0.00716525 65.9148 0.730018 0.68316 0.0191219 -15.158 -0.0090647 -0.018298 0.999791 0.86128
0.686464 -0.727103 -0.00938817 66.3088 0.72716 0.686364 0.01191 -14.7527 -0.00221612 -0.0150025 0.999885 0.856425
0.689542 -0.724148 -0.0119116 66.7086 0.724239 0.689512 0.00712988 -14.3391 0.00305009 -0.0135432 0.999904 0.852595
0.69272 -0.721049 -0.015069 67.118 0.721203 0.692637 0.0110067 -13.9055 0.00250092 -0.0184924 0.999826 0.855209
0.696815 -0.717082 -0.0155479 67.5373 0.717249 0.696608 0.0170418 -13.4619 -0.00138954 -0.0230267 0.999734 0.86012
0.700382 -0.71368 -0.0112102 67.9762 0.713744 0.700141 0.0192934 -13.0201 -0.0059206 -0.021514 0.999751 0.864835
0.703079 -0.711095 -0.00484355 68.4285 0.711014 0.702853 0.0213612 -12.5744 -0.0117855 -0.0184624 0.99976 0.868125
0.705561 -0.70865 -0.00018847 68.888 0.708453 0.705359 0.0237199 -12.1204 -0.0166762 -0.0168694 0.999719 0.869172
0.70786 -0.706343 0.00373056 69.3543 0.706123 0.707754 0.0217751 -11.6629 -0.018021 -0.0127795 0.999756 0.865043
0.708311 -0.705884 0.00494245 69.8282 0.705734 0.708278 0.0168115 -11.2032 -0.0153676 -0.00841972 0.999846 0.86063
0.708178 -0.706029 0.00256894 70.3048 0.705971 0.708158 0.0108213 -10.7357 -0.00945941 -0.00584984 0.999938 0.856776
0.707778 -0.70643 -0.00272882 70.7836 0.706434 0.707763 0.00486143 -10.2573 -0.00150291 -0.00536854 0.999985 0.853168
0.706125 -0.708045 -0.00777853 71.2722 0.708081 0.706123 0.00351422 -9.76474 0.00300437 -0.00798931 0.999964 0.850699
0.704315 -0.709869 -0.00505805 71.7754 0.709887 0.70429 0.00596045 -9.25965 -0.000668811 -0.00778868 0.999969 0.850735
0.703044 -0.711144 0.00189985 72.2922 0.711102 0.703028 0.00924437 -8.74388 -0.00790972 -0.00514821 0.999955 0.855851
0.701173 -0.71297 0.00553636 72.8114 0.712838 0.701162 0.0152713 -8.21724 -0.0147699 -0.00676132 0.999868 0.861617
0.699795 -0.714337 0.003183 73.328 0.714196 0.699733 0.0172501 -7.68323 -0.0145496 -0.00979824 0.999846 0.861543
0.698437 -0.715663 -0.00355265 73.8457 0.715603 0.698292 0.017337 -7.14018 -0.00992669 -0.0146511 0.999843 0.857932
0.69584 -0.718159 -0.00742252 74.3749 0.718183 0.695724 0.0134722 -6.59449 -0.00451117 -0.0147052 0.999882 0.853231
0.692861 -0.721018 -0.00872216 74.9125 0.72107 0.692791 0.00991408 -6.03873 -0.0011056 -0.0131584 0.999913 0.85115
0.690097 -0.723688 -0.00650103 75.46 0.723713 0.690033 0.00972389 -5.47027 -0.00255114 -0.0114153 0.999932 0.853611
0.687464 -0.726214 -0.00261907 76.0138 0.726208 0.68743 0.0079381 -4.89598 -0.00396433 -0.00735914 0.999965 0.858531
0.68604 -0.727564 5.62416e-05 76.5739 0.727532 0.68601 0.00937414 -4.30878 -0.00685887 -0.00639012 0.999956 0.863642
0.684879 -0.728648 0.00373273 77.1452 0.728596 0.684878 0.00951302 -3.70579 -0.00948811 -0.00379561 0.999948 0.863673
0.684369 -0.729088 0.00837699 77.7203 0.729055 0.684419 0.00698828 -3.10453 -0.0108284 0.00132473 0.99994 0.862503
0.683894 -0.72953 0.00862039 78.2954 0.72948 0.683948 0.00856963 -2.4922 -0.0121477 0.000427687 0.999926 0.863312
0.684245 -0.729239 0.00433499 78.8654 0.729178 0.684248 0.0102493 -1.87608 -0.0104404 -0.00385205 0.999938 0.863639
0.684698 -0.728824 -0.00182606 79.4382 0.728791 0.684637 0.0116759 -1.25544 -0.00725946 -0.00932525 0.99993 0.863252
0.685245 -0.728265 -0.00833413 80.0137 0.72829 0.685088 0.0157777 -0.631449 -0.00578074 -0.0168812 0.999841 0.861993
0.687103 -0.726438 -0.0133172 80.5936 0.726532 0.6868 0.0213873 -9.44138e-05 -0.00639032 -0.0243706 0.999683 0.864895
0.689482 -0.724164 -0.0141945 81.181 0.724245 0.689047 0.0261361 0.62979 -0.00914616 -0.0283006 0.999558 0.870226
0.691292 -0.722424 -0.0147982 81.7761 0.722524 0.690855 0.0260375 1.25328 -0.00858669 -0.0286916 0.999551 0.87315
0.6928 -0.720943 -0.0164204 82.3727 0.72111 0.692431 0.0232377 1.87808 -0.00538312 -0.02794 0.999595 0.871421
0.693528 -0.72035 -0.0106609 82.9851 0.720402 0.693297 0.0189984 2.51003 -0.00629433 -0.0208561 0.999763 0.862145
0.69384 -0.720106 -0.00582413 83.5967 0.720103 0.693724 0.014104 3.13525 -0.00611601 -0.0139799 0.999884 0.858226
0.694905 -0.719087 -0.00456677 84.2022 0.719075 0.694812 0.0129308 3.76291 -0.00612531 -0.0122695 0.999906 0.857622
0.695651 -0.718355 -0.00595578 84.8036 0.718336 0.695494 0.016784 4.39709 -0.00791468 -0.0159541 0.999841 0.854804
0.696309 -0.717729 -0.00431309 85.4067 0.717623 0.696071 0.0223875 5.03187 -0.0130659 -0.0186838 0.99974 0.851348
0.696999 -0.717062 -0.00367498 86.0094 0.716816 0.696605 0.0302499 5.66201 -0.019131 -0.0237184 0.999536 0.852467
0.697919 -0.716149 -0.00639375 86.6052 0.716053 0.697604 0.0248192 6.26406 -0.013314 -0.0219001 0.999671 0.858982
0.698273 -0.715745 -0.0111355 87.2025 0.715832 0.69819 0.0107618 6.85062 7.19628e-05 -0.0154858 0.99988 0.866835
0.69799 -0.715968 -0.0141238 87.8026 0.71602 0.698077 -0.0018156 7.43619 0.0111594 -0.00884568 0.999899 0.875993
0.697376 -0.716638 -0.00981773 88.4074 0.716685 0.697395 0.00194336 8.04089 0.00545415 -0.00839147 0.99995 0.888722
0.696416 -0.717614 0.0058805 89.0196 0.717457 0.696401 0.016788 8.65848 -0.0161425 -0.00747242 0.999842 0.90287
0.695195 -0.718606 0.0175905 89.6265 0.718019 0.695368 0.0302113 9.27217 -0.0339419 -0.00837239 0.999389 0.916169
0.694823 -0.719057 0.0133444 90.2134 0.718586 0.694884 0.0277578 9.86536 -0.0292322 -0.00969763 0.999526 0.908531
0.6942 -0.719781 -0.000658718 90.7884 0.719653 0.694059 0.0194993 10.4494 -0.013578 -0.0140105 0.99981 0.889799
0.693442 -0.720485 -0.00626794 91.3708 0.720499 0.69335 0.0121499 11.0316 -0.00440793 -0.0129413 0.999907 0.873346
0.692099 -0.721789 -0.00440367 91.96 0.721798 0.692057 0.00805139 11.617 -0.00276381 -0.00875092 0.999958 0.873556
0.690135 -0.723677 -0.00226695 92.5383 0.723654 0.690079 0.0107228 12.2161 -0.00619546 -0.00904066 0.99994 0.874167
0.687582 -0.726101 -0.00281763 93.1071 0.726092 0.687539 0.00895109 12.8103 -0.00456217 -0.00820048 0.999956 0.86314
0.68406 -0.729413 -0.0043834 93.6725 0.729423 0.684026 0.00715087 13.4017 -0.00221758 -0.00808898 0.999965 0.848219
0.681703 -0.731593 -0.00725304 94.2291 0.731622 0.681619 0.011148 14.002 -0.00321196 -0.0129061 0.999912 0.844205
0.68005 -0.733051 -0.0129808 94.7826 0.733165 0.679909 0.0139196 14.6025 -0.00137797 -0.0189831 0.999819 0.83719
0.67867 -0.734322 -0.013339 95.3412 0.734434 0.678455 0.0174679 15.2031 -0.00377715 -0.0216516 0.999758 0.836262
0.677612 -0.735358 -0.00947762 95.9034 0.735371 0.677363 0.020222 15.8007 -0.00845059 -0.0206722 0.999751 0.835409
0.676648 -0.736261 -0.00823342 96.4606 0.736251 0.676417 0.0198697 16.3942 -0.00906002 -0.0195066 0.999769 0.834445
0.674779 -0.737967 -0.0087657 97.0124 0.737999 0.674625 0.0154428 16.9882 -0.0054827 -0.0168895 0.999842 0.832168
0.671479 -0.740991 -0.00698662 97.5609 0.741019 0.671412 0.00985901 17.575 -0.00261454 -0.0117973 0.999927 0.826228
0.66664 -0.745359 -0.00556148 98.1058 0.74538 0.666615 0.00574431 18.1743 -0.000574209 -0.0079748 0.999968 0.825333
0.661583 -0.749868 -0.00250283 98.6453 0.749856 0.661544 0.00866516 18.7867 -0.00484199 -0.00760949 0.999959 0.828419
0.656858 -0.754005 0.00365328 99.1843 0.75389 0.65683 0.0149625 19.4042 -0.0136814 -0.00707409 0.999881 0.832632
0.653505 -0.756834 0.0115769 99.7152 0.756588 0.653595 0.0197003 20.0265 -0.0224765 -0.00411524 0.999739 0.827803
0.650338 -0.759597 0.00849391 100.232 0.759183 0.650292 0.027575 20.6522 -0.0264695 -0.0114847 0.999584 0.820206
0.647029 -0.762458 0.00331521 100.741 0.762155 0.646884 0.0257152 21.2719 -0.0217514 -0.0141118 0.999664 0.810508
0.641802 -0.766867 -0.00232575 101.253 0.766783 0.64168 0.0170475 21.8834 -0.0115808 -0.0127245 0.999852 0.798453
0.636788 -0.771031 -0.00365604 101.767 0.771024 0.636737 0.00939882 22.5029 -0.00491884 -0.00880395 0.999949 0.785851
0.631632 -0.775265 -0.00238205 102.282 0.775252 0.631595 0.00853822 23.1351 -0.00511489 -0.0072397 0.999961 0.782212
0.625585 -0.780135 -0.00563969 102.788 0.780105 0.625445 0.0159821 23.7834 -0.00894086 -0.0143977 0.999856 0.786425
0.619425 -0.784982 -0.0107686 103.285 0.785014 0.619193 0.0187637 24.4327 -0.00806135 -0.0200762 0.999766 0.785607
0.611647 -0.790969 -0.0159761 103.783 0.791127 0.611457 0.0154804 25.075 -0.00247586 -0.0221077 0.999753 0.781628
0.604769 -0.796231 -0.0164353 104.279 0.796401 0.604651 0.0119505 25.7211 0.000422265 -0.0203164 0.999794 0.774099
0.598301 -0.801115 -0.0158089 104.773 0.80127 0.598161 0.0130043 26.3799 -0.000961743 -0.0204477 0.99979 0.770712
0.591972 -0.805822 -0.0148115 105.256 0.80592 0.591666 0.0205886 27.0539 -0.00782725 -0.0241247 0.999678 0.766558
0.585459 -0.810574 -0.0143841 105.732 0.810587 0.584986 0.0271954 27.7341 -0.0136294 -0.0275813 0.999527 0.765588
0.579275 -0.815044 -0.0119648 106.206 0.814943 0.578763 0.0300314 28.4102 -0.0175522 -0.0271471 0.999477 0.762166
0.57404 -0.818751 -0.0111549 106.677 0.818603 0.573512 0.0311866 29.0866 -0.0191366 -0.0270338 0.999451 0.75638
0.570412 -0.82128 -0.0113484 107.143 0.82116 0.569917 0.029825 29.7654 -0.018027 -0.0263314 0.999491 0.751441
0.566748 -0.823695 -0.0179687 107.6 0.823804 0.566239 0.0268245 30.4448 -0.0119206 -0.0300054 0.999479 0.747712
0.5638 -0.82548 -0.026702 108.046 0.825887 0.563242 0.025871 31.1291 -0.00631631 -0.0366389 0.999309 0.74113
0.561522 -0.826938 -0.0294335 108.495 0.827457 0.561046 0.0232704 31.8151 -0.0027296 -0.0374218 0.999296 0.732586
0.55894 -0.828737 -0.027945 108.955 0.829165 0.558246 0.0291214 32.5127 -0.00853376 -0.0394481 0.999185 0.724742
0.55712 -0.830057 -0.0249427 109.411 0.830239 0.556092 0.0382733 33.2182 -0.0178986 -0.0420312 0.998956 0.715717
0.554379 -0.831986 -0.021538 109.867 0.831852 0.553104 0.0457986 33.92 -0.026191 -0.0433062 0.998718 0.707543
0.550436 -0.834614 -0.0209936 110.317 0.834527 0.549301 0.0428198 34.6099 -0.0242062 -0.0410892 0.998862 0.694767
0.546114 -0.837544 -0.0167311 110.77 0.837561 0.545528 0.0298439 35.2881 -0.0158683 -0.0303114 0.999415 0.679104
0.540354 -0.841288 -0.0158664 111.217 0.841394 0.540039 0.020314 35.9731 -0.00852149 -0.0243266 0.999668 0.658875
0.534517 -0.844957 -0.0184232 111.649 0.845099 0.534094 0.0234955 36.6778 -0.010013 -0.0281281 0.999554 0.644456
0.528255 -0.848963 -0.0144644 112.086 0.848954 0.527795 0.0266323 37.3883 -0.0149756 -0.0263483 0.999541 0.634755
0.521929 -0.852946 -0.00859364 112.527 0.85276 0.521529 0.028426 38.0998 -0.019764 -0.0221647 0.999559 0.623575
0.51696 -0.856009 -0.000296134 112.967 0.855725 0.516779 0.0259549 38.8157 -0.0220646 -0.013671 0.999663 0.607456
0.51174 -0.859131 0.00403089 113.403 0.858834 0.511677 0.0243098 39.5376 -0.0229478 -0.00897842 0.999696 0.594928
0.506534 -0.862209 0.00424136 113.827 0.862041 0.506523 0.0178718 40.2581 -0.0175576 -0.00539645 0.999831 0.582698
0.500526 -0.865702 0.00573945 114.247 0.86569 0.500554 0.0052588 40.9721 -0.00742546 0.00233641 0.99997 0.567004
0.494549 -0.869065 0.0121541 114.673 0.86915 0.494495 -0.00733257 41.6867 0.000362338 0.01419 0.999899 0.557017
0.488947 -0.872196 0.0143234 115.088 0.872282 0.489004 0.000489938 42.43 -0.00743152 0.0122545 0.999897 0.550253
0.484198 -0.874875 0.0120987 115.49 0.874721 0.484343 0.016573 43.1916 -0.0203592 0.00255833 0.999789 0.54556
0.479777 -0.877323 0.0109338 115.889 0.876904 0.479888 0.0273332 43.9496 -0.0292271 -0.00352594 0.999567 0.540887
0.476318 -0.879212 0.0103522 116.286 0.878839 0.47642 0.0258161 44.6953 -0.0276298 -0.00319875 0.999613 0.526575
0.474836 -0.880064 0.00415049 116.676 0.879906 0.474833 0.0172775 45.4365 -0.0171761 -0.00455196 0.999842 0.509691
0.472514 -0.881267 -0.00997238 117.055 0.881294 0.472376 0.013436 46.1852 -0.00712994 -0.0151373 0.99986 0.497477
0.470778 -0.882171 -0.0119553 117.447 0.882244 0.470676 0.0104341 46.9366 -0.00357755 -0.0154597 0.999874 0.489761
0.468357 -0.883526 -0.00480714 117.856 0.883512 0.468292 0.0104458 47.6902 -0.00697799 -0.00913952 0.999934 0.487682
0.46793 -0.883766 -0.000426438 118.258 0.883621 0.467844 0.0183311 48.4538 -0.0160009 -0.00895446 0.999832 0.484742
0.468145 -0.883651 0.00103067 118.655 0.883369 0.468025 0.0247344 49.2219 -0.022339 -0.0106689 0.999694 0.483734
0.466708 -0.88441 0.001432 119.053 0.884161 0.466614 0.0230248 49.9802 -0.0210315 -0.00947974 0.999734 0.481112
0.464982 -0.885319 -0.00158716 119.446 0.885216 0.464899 0.0161551 50.7328 -0.0135645 -0.00891679 0.999868 0.477496
0.46319 -0.886257 0.0016607 119.849 0.886257 0.463192 0.00141763 51.4757 -0.00202561 0.000815174 0.999998 0.472725
0.461251 -0.887222 0.00919413 120.255 0.887263 0.461183 -0.00858834 52.2209 0.00337958 0.012119 0.999921 0.473052
0.460148 -0.887785 0.0100835 120.651 0.887842 0.460131 -0.00409455 52.9861 -0.00100464 0.0108366 0.999941 0.477951
0.45892 -0.88842 0.0100996 121.041 0.888417 0.458992 0.0064946 53.757 -0.0104056 0.00599215 0.999928 0.488147
0.457335 -0.889231 0.0106718 121.426 0.889147 0.457445 0.0126955 54.5171 -0.016171 0.00368274 0.999862 0.49368
0.45652 -0.889649 0.0107018 121.813 0.889627 0.456611 0.00839398 55.2631 -0.0123542 0.00568855 0.999907 0.492018
0.456528 -0.889679 0.00734032 122.198 0.889689 0.456558 0.00293701 56.0057 -0.00596427 0.00518978 0.999969 0.488548
0.456336 -0.889807 0.000539306 122.571 0.889797 0.456334 0.00443392 56.7589 -0.00419143 -0.00154349 0.99999 0.48788
0.45591 -0.890026 -0.000249171 122.95 0.889986 0.455887 0.0095805 57.512 -0.0084133 -0.00458961 0.999954 0.491208
0.455137 -0.890419 -0.00193889 123.328 0.890348 0.455071 0.013846 58.2613 -0.0114464 -0.00802812 0.999902 0.495178
0.454811 -0.890582 -0.00324869 123.705 0.890472 0.454689 0.0178245 59.0097 -0.014397 -0.0109996 0.999836 0.493434
0.454343 -0.890801 -0.00681376 124.075 0.890712 0.454148 0.0195141 59.7563 -0.0142887 -0.0149352 0.999786 0.491258
0.453837 -0.891061 -0.00641902 124.446 0.891002 0.453686 0.0168648 60.4954 -0.0121154 -0.0133732 0.999837 0.489635
0.452993 -0.891446 -0.0109976 124.808 0.891492 0.45286 0.012609 61.225 -0.00625988 -0.015516 0.99986 0.484915
0.451892 -0.891984 -0.0125562 125.168 0.892058 0.451758 0.0121378 61.9557 -0.00515431 -0.0166858 0.999847 0.478518
0.454407 -0.890701 -0.0128984 125.492 0.890783 0.454281 0.0116399 62.5901 -0.00450817 -0.0167789 0.999849 0.472202
0.457095 -0.88932 -0.0131985 125.814 0.88941 0.456976 0.0111262 63.2201 -0.00386334 -0.0168246 0.999851 0.465894
0.459778 -0.887931 -0.013502 126.136 0.888028 0.459667 0.0106143 63.8503 -0.00321832 -0.0168704 0.999852 0.459585
0.462457 -0.886534 -0.0138086 126.458 0.886638 0.462354 0.0101044 64.4803 -0.00257346 -0.0169161 0.999854 0.453276
0.465131 -0.885129 -0.0141184 126.78 0.88524 0.465036 0.00959657 65.1102 -0.00192865 -0.0169618 0.999854 0.446968
0.467801 -0.883716 -0.0144314 127.102 0.883833 0.467715 0.00909056 65.7403 -0.00128368 -0.0170075 0.999855 0.440658
0.470467 -0.882294 -0.0147476 127.424 0.882417 0.470389 0.00858652 66.3704 -0.000638714 -0.0170532 0.999854 0.434347
0.473128 -0.880865 -0.015067 127.746 0.880993 0.473059 0.00808447 67.0005 6.27642e-06 -0.0170989 0.999854 0.428035
0.475785 -0.879427 -0.0153896 128.068 0.879561 0.475725 0.00758443 67.6306 0.000651268 -0.0171446 0.999853 0.421724
0.478438 -0.877981 -0.0157153 128.39 0.87812 0.478387 0.00708641 68.2607 0.00129627 -0.0171903 0.999851 0.415411
0.481086 -0.876527 -0.0160441 128.712 0.876671 0.481044 0.00659044 68.8908 0.00194125 -0.017236 0.99985 0.409099
0.483728 -0.875065 -0.0163761 129.034 0.875214 0.483697 0.00609663 69.5208 0.0025861 -0.0172817 0.999847 0.402787
0.486366 -0.873595 -0.0167111 129.356 0.873749 0.486345 0.0056049 70.1507 0.00323094 -0.0173273 0.999845 0.396475
0.489 -0.872117 -0.0170492 129.678 0.872275 0.488988 0.00511523 70.7807 0.0038758 -0.017373 0.999842 0.390163
0.491628 -0.870632 -0.0173904 130 0.870794 0.491627 0.0046278 71.4105 0.00452048 -0.0174186 0.999838 0.383851
0.494251 -0.869139 -0.0177346 130.321 0.869304 0.49426 0.00414261 72.0401 0.00516499 -0.0174642 0.999834 0.377541
0.500284 -0.865689 -0.0172896 130.638 0.865849 0.500284 0.00462128 72.6154 0.00464912 -0.0172821 0.99984 0.37672
0.505455 -0.862776 -0.011522 130.964 0.862853 0.505395 0.00779032 73.1762 -0.000898153 -0.0138794 0.999903 0.380287
0.510574 -0.859831 -0.0021278 131.301 0.8598 0.51053 0.0101454 73.7289 -0.00763702 -0.00700946 0.999946 0.388275
0.515425 -0.856924 0.00432137 131.635 0.856885 0.515443 0.0081921 74.2712 -0.00924742 -0.000519501 0.999957 0.393661
0.518523 -0.855051 0.00457474 131.965 0.854998 0.518542 0.00964936 74.8161 -0.0106229 -0.00109202 0.999943 0.395275
0.519461 -0.854491 0.00233295 132.292 0.854422 0.51945 0.0116316 75.3632 -0.0111509 -0.00404883 0.99993 0.39374
0.519518 -0.854455 0.00267795 132.624 0.854371 0.519507 0.0127801 75.914 -0.0123112 -0.00435152 0.999915 0.387925
0.518562 -0.855031 0.0039838 132.959 0.854904 0.518557 0.0154322 76.4724 -0.0152609 -0.00459682 0.999873 0.384055
0.518613 -0.854998 0.00433464 133.293 0.854815 0.518597 0.0186499 77.0385 -0.0181935 -0.00596675 0.999817 0.377386
0.518661 -0.854967 -0.00474924 133.613 0.85486 0.518487 0.0196465 77.6054 -0.0143346 -0.0142498 0.999796 0.370279
0.518033 -0.85525 -0.0137639 133.935 0.855344 0.517854 0.0146385 78.1703 -0.00539191 -0.0193561 0.999798 0.363421
0.516281 -0.856244 -0.0173141 134.265 0.856414 0.516246 0.00678907 78.7332 0.00312524 -0.0183331 0.999827 0.359038
0.513394 -0.858026 -0.0147766 134.607 0.858106 0.513471 -0.00165826 79.2987 0.0090102 -0.0118286 0.999889 0.353996
0.50999 -0.860089 -0.0125589 134.946 0.860174 0.50999 0.00343037 79.8824 0.0034545 -0.0125523 0.999915 0.348302
0.506422 -0.862178 -0.0136498 135.275 0.862247 0.506185 0.0175089 80.4839 -0.00818642 -0.0206364 0.999754 0.352765
0.502771 -0.864412 -0.00350142 135.62 0.864138 0.5025 0.0275499 81.0856 -0.022055 -0.016877 0.999614 0.356583
0.498949 -0.866598 0.00759263 135.969 0.865978 0.498894 0.0344371 81.6847 -0.0336311 -0.0106073 0.999378 0.352102
0.496238 -0.868135 0.00951218 136.307 0.867614 0.496279 0.0308759 82.2778 -0.0315251 -0.00706887 0.999478 0.337574
0.494369 -0.869247 0.00285945 136.63 0.868841 0.494234 0.0291232 82.8666 -0.0267285 -0.0119132 0.999572 0.330473
0.490949 -0.871188 -0.000545358 136.967 0.871014 0.490838 0.0202816 83.4264 -0.0174014 -0.0104322 0.999794 0.335981
0.488898 -0.872335 0.0031153 137.319 0.872267 0.4889 0.0112875 83.9803 -0.0113696 -0.00280107 0.999931 0.339625
0.487905 -0.872815 0.0119563 137.675 0.872766 0.488023 0.0105799 84.558 -0.0150692 0.00527312 0.999873 0.34284
0.486253 -0.873564 0.0210857 138.033 0.873581 0.486541 0.011568 85.1447 -0.0203644 0.0127951 0.999711 0.345746
0.484847 -0.874227 0.0255255 138.383 0.874283 0.485249 0.0127091 85.7296 -0.0234969 0.0161546 0.999593 0.359178
0.483889 -0.874723 0.0266644 138.728 0.874872 0.484261 0.00952116 86.3173 -0.0212409 0.0187208 0.999599 0.369927
0.483196 -0.875056 0.0282583 139.074 0.875386 0.483423 0.00139168 86.895 -0.0148785 0.0240645 0.9996 0.379484
0.482197 -0.87536 0.0350832 139.425 0.875955 0.48238 -0.00363236 87.4855 -0.0137438 0.0324828 0.999378 0.382789
0.481185 -0.87575 0.0390235 139.771 0.876471 0.481444 -0.00306933 88.0778 -0.0160997 0.0356799 0.999234 0.390548
0.480512 -0.87597 0.0422386 140.112 0.876742 0.48096 0.000508542 88.6785 -0.0207606 0.036788 0.999107 0.391947
0.479507 -0.876413 0.0444146 140.453 0.877215 0.48009 0.00283611 89.2724 -0.0238086 0.0376012 0.999009 0.396882
0.479198 -0.876573 0.0446016 140.789 0.877426 0.47971 0.000895032 89.8649 -0.0221804 0.0387057 0.999004 0.396774
0.479536 -0.87643 0.0437582 141.121 0.877387 0.479741 -0.00637946 90.4491 -0.0154014 0.041452 0.999022 0.396341
0.479763 -0.876467 0.0404202 141.448 0.877379 0.479545 -0.0155643 91.0298 -0.00574174 0.042931 0.999062 0.393865
0.479704 -0.876657 0.03683 141.77 0.87743 0.479265 -0.020524 91.6081 0.000341149 0.0421612 0.999111 0.39614
0.480078 -0.876568 0.0339564 142.087 0.877226 0.479722 -0.0184972 92.186 -7.55882e-05 0.0386675 0.999252 0.40356
0.479841 -0.876514 0.0384026 142.408 0.877334 0.479677 -0.0139918 92.7598 -0.00615684 0.0404058 0.999164 0.411653
0.47893 -0.87674 0.0441891 142.726 0.877736 0.479081 -0.00779856 93.3206 -0.0143328 0.0425213 0.998993 0.421596
0.478478 -0.876823 0.0473222 143.033 0.877888 0.478849 -0.00388655 93.8695 -0.0192524 0.0434032 0.998872 0.425259
0.477905 -0.877096 0.0480492 143.329 0.878113 0.478453 -0.000113224 94.4051 -0.02289 0.0422468 0.998845 0.426949
0.475652 -0.878164 0.0508214 143.619 0.879263 0.476334 0.0015025 94.927 -0.0255274 0.0439707 0.998707 0.423074
0.471443 -0.880091 0.0564052 143.902 0.881526 0.472135 -0.00119875 95.4236 -0.0255758 0.0502877 0.998407 0.416705
0.464801 -0.883396 0.0597692 144.168 0.885121 0.465327 -0.0056455 95.9045 -0.022825 0.055527 0.998196 0.409024
0.455584 -0.888141 0.0604093 144.416 0.889994 0.455865 -0.00984142 96.3742 -0.0187979 0.0582475 0.998125 0.40099
0.443445 -0.894325 0.0594947 144.65 0.896186 0.443477 -0.0133971 96.8411 -0.0144032 0.0592592 0.998139 0.391593
0.427158 -0.902225 0.0593885 144.872 0.904115 0.426975 -0.0163654 97.3059 -0.0105922 0.0606847 0.998101 0.379849
0.407133 -0.911152 0.0635943 145.084 0.913309 0.406913 -0.0169549 97.7718 -0.0104289 0.0649842 0.997832 0.369519
0.384614 -0.920902 0.0633366 145.276 0.923003 0.38455 -0.0136832 98.2437 -0.0117552 0.0637226 0.997898 0.362841
0.358758 -0.931201 0.064476 145.452 0.933341 0.358823 -0.0109703 98.7155 -0.0129199 0.0641138 0.997859 0.35709
0.328406 -0.942171 0.0668113 145.614 0.944462 0.328445 -0.0107074 99.1859 -0.0118556 0.0666171 0.997708 0.354602
0.294356 -0.953506 0.0646577 145.751 0.955667 0.294196 -0.0122063 99.6526 -0.00738323 0.0653843 0.997833 0.352338
0.255822 -0.964952 0.0585036 145.854 0.966723 0.255434 -0.0141494 100.118 -0.00129034 0.0601765 0.998187 0.351749
0.21335 -0.975516 0.0533805 145.936 0.976967 0.212793 -0.0159681 100.582 0.00421808 0.0555578 0.998447 0.3479
0.167455 -0.984688 0.0484572 145.992 0.985849 0.166859 -0.016117 101.045 0.00778463 0.0504704 0.998695 0.344828
0.118484 -0.992239 0.0377188 146.015 0.992897 0.117978 -0.0153625 101.505 0.0107932 0.0392711 0.99917 0.348331
0.0670008 -0.997475 0.0235395 146.005 0.997673 0.0666775 -0.0142613 101.956 0.0126557 0.0244402 0.999621 0.358083
0.0130225 -0.999866 0.00989752 145.969 0.999833 0.012894 -0.0129299 102.399 0.0128006 0.0100642 0.999867 0.367355
-0.0435326 -0.999052 0.000146253 145.913 0.998982 -0.0435313 -0.0118618 102.833 0.0118569 -0.00037027 0.99993 0.371016
-0.101456 -0.994816 -0.00689847 145.838 0.994788 -0.101378 -0.0108891 103.258 0.0101333 -0.00796729 0.999917 0.371737
-0.159049 -0.987189 -0.0126665 145.74 0.987262 -0.158982 -0.00614433 103.678 0.00405187 -0.0134824 0.999901 0.372156
-0.214881 -0.976435 -0.0200138 145.614 0.976608 -0.214995 0.00365511 104.093 -0.00787184 -0.0187603 0.999793 0.371808
-0.269059 -0.962693 -0.028815 145.466 0.96293 -0.269485 0.0120093 104.496 -0.0193265 -0.0245156 0.999513 0.368275
-0.322038 -0.945989 -0.0373642 145.296 0.946337 -0.322787 0.0159724 104.882 -0.0271704 -0.0302154 0.999174 0.361817
-0.373834 -0.926601 -0.0407225 145.113 0.926954 -0.374756 0.0177311 105.253 -0.0316906 -0.0311194 0.999013 0.35313
-0.425109 -0.904081 -0.0438264 144.913 0.904454 -0.426175 0.0183748 105.611 -0.03529 -0.0318277 0.99887 0.344732
-0.475851 -0.878577 -0.0408379 144.702 0.878779 -0.476847 0.0190681 105.958 -0.0362263 -0.0268139 0.998984 0.331867
-0.525788 -0.849933 -0.0340669 144.477 0.849978 -0.526523 0.0176527 106.291 -0.0329406 -0.0196745 0.999264 0.313383
-0.574393 -0.818169 -0.0259134 144.232 0.818101 -0.574852 0.0160002 106.616 -0.0279872 -0.0120094 0.999536 0.292128
-0.6206 -0.783854 -0.0206827 143.957 0.783807 -0.620885 0.0121991 106.932 -0.0224039 -0.00864042 0.999712 0.270662
-0.662158 -0.749115 -0.0193228 143.653 0.749107 -0.662386 0.00914668 107.242 -0.0196511 -0.00841828 0.999771 0.252715
-0.69947 -0.714354 -0.0210036 143.322 0.714392 -0.699712 0.00695222 107.545 -0.0196628 -0.0101419 0.999755 0.239713
-0.732688 -0.680208 -0.0220412 142.97 0.680246 -0.732952 0.00689968 107.844 -0.0208484 -0.00993811 0.999733 0.22801
-0.761901 -0.647359 -0.0207961 142.601 0.647383 -0.762137 0.00646471 108.135 -0.0200345 -0.00853761 0.999763 0.214626
-0.787783 -0.615629 -0.0199617 142.211 0.61566 -0.787994 0.00526563 108.419 -0.0189714 -0.00814145 0.999787 0.202283
-0.809264 -0.587112 -0.0197897 141.804 0.58716 -0.809461 0.00388013 108.696 -0.018297 -0.00847967 0.999797 0.189882
-0.8265 -0.562636 -0.0184011 141.38 0.562726 -0.826643 0.000336379 108.966 -0.0154004 -0.0100768 0.999831 0.174417
-0.840603 -0.541393 -0.0167251 140.94 0.541494 -0.840702 -0.00190979 109.233 -0.0130269 -0.0106619 0.999858 0.159145
-0.85277 -0.522033 -0.0162892 140.487 0.522161 -0.852835 -0.00458799 109.497 -0.011497 -0.0124181 0.999857 0.147726
-0.862623 -0.505577 -0.0165354 140.016 0.505744 -0.862647 -0.00793505 109.758 -0.0102524 -0.0152076 0.999832 0.138601
