0.487528 -0.87274 0.0253312 0.693399 0.873031 0.487663 -0.000953409 0.549401 -0.011521 0.0225798 0.999679 0.782934
0.482225 -0.875762 0.0223431 1.88267 0.876012 0.482277 -0.00335445 2.83729 -0.00783787 0.0211904 0.999745 0.789079
0.478682 -0.87775 0.0204598 2.67536 0.877971 0.478687 -0.00496789 4.36215 -0.0054333 0.0203412 0.999778 0.793113
0.475569 -0.879562 0.0143053 3.47465 0.879678 0.47552 -0.0068145 5.91988 -0.000808696 0.0158249 0.999874 0.800609
0.472888 -0.881008 0.0142354 4.29278 0.881119 0.472871 -0.00474069 7.51349 -0.00255493 0.0147849 0.999887 0.810219
0.470459 -0.882287 0.0154489 5.12564 0.882411 0.47047 -0.00315605 9.12977 -0.00448371 0.0151171 0.999876 0.816533
0.468012 -0.88358 0.0158237 5.96595 0.883718 0.467988 -0.00541075 10.7594 -0.00262447 0.016516 0.99986 0.821175
0.467129 -0.884019 0.0173616 6.81753 0.884154 0.467196 -0.000274736 12.4155 -0.00786838 0.0154786 0.999849 0.828052
0.468863 -0.88303 0.0206372 7.68121 0.883155 0.469052 0.00525927 14.0871 -0.014324 0.01576 0.999773 0.833988
0.47122 -0.881789 0.02003 8.55468 0.881917 0.471386 0.00429228 15.7685 -0.0132268 0.0156422 0.99979 0.825614
0.473348 -0.880743 0.0152862 9.43896 0.880864 0.47336 -0.00306271 17.4645 -0.00453841 0.0149148 0.999878 0.820247
0.473711 -0.880411 0.0217918 10.3454 0.880621 0.473821 -0.000107115 19.1862 -0.0102311 0.0192411 0.999763 0.821157
0.471952 -0.880993 0.0333507 11.2655 0.881509 0.472164 -0.00172676 20.9166 -0.0142257 0.0302139 0.999442 0.81526
0.469498 -0.882378 0.0313101 12.1764 0.882914 0.469427 -0.0100568 22.658 -0.0058239 0.0323657 0.999459 0.804624
0.466834 -0.883798 0.0311064 13.1222 0.884322 0.466785 -0.0092602 24.4975 -0.00633585 0.0318311 0.999473 0.847544
0.464629 -0.884993 0.030127 14.0704 0.885444 0.464729 -0.00401181 26.3617 -0.0104505 0.0285398 0.999538 0.896943
0.463423 -0.885526 0.0329029 15.0125 0.885985 0.463712 0.00131853 28.2093 -0.0164251 0.0285404 0.999458 0.92586
0.462953 -0.885937 0.0281228 15.9277 0.886189 0.463282 0.00620278 30.0429 -0.0185241 0.0220505 0.999585 0.933527
0.463145 -0.885952 0.0242028 16.8351 0.88617 0.463349 0.00327668 31.8483 -0.0141173 0.0199302 0.999702 0.934393
0.461154 -0.886922 0.0265771 17.7443 0.887189 0.461394 0.00338187 33.6351 -0.0152619 0.0220193 0.999641 0.945531
0.460141 -0.887535 0.0235066 18.6322 0.887731 0.460346 0.00388124 35.4114 -0.0142659 0.0190816 0.999716 0.957227
0.459248 -0.888094 0.019517 19.51 0.888273 0.459314 -0.00121411 37.1684 -0.0078862 0.017894 0.999809 0.961775
0.458532 -0.88832 0.0252141 20.3956 0.888568 0.458737 0.00272737 38.9196 -0.0139894 0.0211538 0.999678 0.975018
0.458141 -0.888401 0.0291571 21.2703 0.888766 0.45836 0.000960606 40.6486 -0.0142179 0.0254737 0.999574 0.976967
0.456668 -0.889023 0.0330363 22.1453 0.88954 0.456852 -0.00220577 42.3645 -0.0131317 0.0303944 0.999452 0.974576
0.454854 -0.889582 0.0418448 23.0133 0.890276 0.455403 0.0041447 44.0864 -0.0227433 0.0353682 0.999116 0.963316
0.453043 -0.890625 0.0392323 23.8545 0.891203 0.453573 0.00535718 45.7875 -0.022566 0.0325369 0.999216 0.948533
0.451231 -0.891887 0.0304644 24.6833 0.892368 0.45127 -0.00598573 47.4357 -0.00840908 0.0298864 0.999518 0.94023
0.449159 -0.893112 0.0246607 25.4825 0.893373 0.449315 0.000907577 49.0657 -0.011891 0.0216235 0.999695 0.950636
0.446794 -0.894354 0.0225002 26.2585 0.894545 0.446968 0.00311506 50.6434 -0.0128428 0.0187356 0.999742 0.961203
0.443951 -0.895809 0.020807 27.0056 0.895938 0.444144 0.00553715 52.1751 -0.0142016 0.0161836 0.999768 0.968611
0.441153 -0.897158 0.0221658 27.7317 0.897293 0.441385 0.00668022 53.6604 -0.0157769 0.0169422 0.999732 0.973443
0.438647 -0.898394 0.0218323 28.4267 0.898378 0.438988 0.0143436 55.1069 -0.0224703 0.0133219 0.999659 0.975041
0.435588 -0.899999 0.0162684 29.091 0.899898 0.435821 0.015592 56.4919 -0.0211229 0.00784821 0.999746 0.982472
0.432949 -0.901381 0.00827237 30.0121 0.901401 0.43298 0.00234436 58.4338 -0.00569493 0.00644173 0.999963 0.993432
0.429868 -0.902841 0.00952913 30.8562 0.902843 0.42993 0.00580332 60.2193 -0.00933633 0.00610865 0.999938 1.03458
0.433308 -0.901141 0.0137773 31.6399 0.901244 0.433224 -0.00870676 61.8353 0.00187737 0.0161894 0.999867 1.06847
0.445267 -0.895205 0.0185749 32.3814 0.895356 0.44535 0.00034028 63.3374 -0.00857697 0.0164797 0.999827 1.10531
0.474135 -0.880286 0.0170924 33.0939 0.880356 0.474281 0.0055673 64.7111 -0.0130074 0.0124077 0.999838 1.13244
0.553939 -0.832316 0.0200388 34.0854 0.832341 0.554183 0.00946649 66.3071 -0.0189843 0.0114352 0.999754 1.14751
0.675202 -0.737279 0.0228317 35.2203 0.737202 0.675542 0.0132873 67.6427 -0.0252202 0.00786001 0.999651 1.14621
0.82016 -0.571861 0.0176762 36.5214 0.571728 0.82035 0.0123397 68.6185 -0.0215572 -1.45324e-05 0.999768 1.13766
0.957908 -0.286232 0.021983 38.3261 0.286058 0.958152 0.0107739 69.2456 -0.0241469 -0.00403206 0.9997 1.11426
0.999726 0.000700234 0.0233924 40.2075 -0.000901151 0.999963 0.00857954 69.2807 -0.0233855 -0.00859828 0.99969 1.07836
0.977418 0.210212 0.0215639 42.0717 -0.209961 0.977619 -0.013331 68.8598 -0.0238836 0.00850241 0.999679 1.03547
0.94818 0.317448 0.0134872 43.5884 -0.317486 0.948263 0.000724108 68.3645 -0.0125595 -0.00496857 0.999909 1.03364
0.922286 0.386504 0.00167935 45.2119 -0.386505 0.922287 0.000442812 67.659 -0.0013777 -0.00105748 0.999999 0.996219
0.90594 0.423367 0.00577645 46.5205 -0.423326 0.905949 -0.00711225 67.0038 -0.00824427 0.00399795 0.999958 1.00176
0.894941 0.446182 0.00121058 47.9225 -0.446134 0.894878 -0.0125573 66.2508 -0.00668617 0.010698 0.99992 0.994933
0.887265 0.461253 -0.00249977 49.4588 -0.461235 0.88715 -0.0150448 65.4106 -0.00472177 0.0145017 0.999884 0.976862
0.882472 0.470351 -0.0035266 51.1216 -0.470327 0.882283 -0.0192181 64.4614 -0.00592781 0.0186181 0.999809 0.959741
0.882598 0.470059 -0.00803764 52.9089 -0.470084 0.882156 -0.0286666 63.4224 -0.00638456 0.0290795 0.999557 0.938014
0.885769 0.464022 -0.00985964 54.1835 -0.464089 0.885224 -0.0316099 62.7025 -0.00593969 0.0325748 0.999452 0.925098
0.889304 0.457249 -0.0078632 55.5286 -0.457232 0.888677 -0.0345282 61.9719 -0.00880015 0.0343014 0.999373 0.920703
0.892964 0.450118 -0.00308567 56.9336 -0.449967 0.89244 -0.0328716 61.2373 -0.0120423 0.0307416 0.999455 0.910854
0.896258 0.443509 -0.00452746 58.3684 -0.44346 0.895881 -0.0272158 60.5052 -0.00801441 0.0264002 0.999619 0.906201
0.896741 0.44247 -0.00868852 59.8228 -0.442555 0.896597 -0.016114 59.7745 0.000660127 0.0182952 0.999832 0.904866
0.896735 0.44255 -0.00391315 61.2886 -0.442563 0.896651 -0.0124756 59.0336 -0.00201234 0.0129191 0.999915 0.923415
0.896743 0.442549 -0.00169503 62.7481 -0.442536 0.896669 -0.012117 58.2856 -0.0038425 0.011616 0.999925 0.941521
0.896632 0.442777 -0.000283848 64.2026 -0.442764 0.896602 -0.00809987 57.5411 -0.00333193 0.00738828 0.999967 0.963023
0.894887 0.446291 0.0015705 65.6532 -0.446287 0.894887 -0.00238076 56.8019 -0.00246793 0.00142961 0.999996 0.980179
0.890962 0.454016 0.00744037 67.099 -0.454031 0.890986 0.000273789 56.0526 -0.00650496 -0.00362209 0.999972 1
0.884616 0.466183 0.0113023 68.528 -0.466229 0.884662 0.00172546 55.2821 -0.00919434 -0.00679583 0.999935 1.0163
0.875687 0.482772 0.0101297 69.9257 -0.482821 0.875714 0.0029231 54.4893 -0.00745955 -0.00745057 0.999944 1.02616
0.8653 0.501103 0.0123362 71.2953 -0.501161 0.865352 0.00196827 53.6753 -0.00968888 -0.00788559 0.999922 1.03864
0.853883 0.520312 0.0126059 72.6351 -0.52036 0.853947 0.000536795 52.8343 -0.0104855 -0.00701795 0.99992 1.04376
0.842287 0.538906 0.0115776 73.9386 -0.538959 0.84233 0.00186268 51.9788 -0.00874834 -0.00780875 0.999931 1.05012
0.831328 0.555699 0.00961705 75.2017 -0.555737 0.831356 0.00175505 51.1093 -0.00701991 -0.00680358 0.999952 1.05618
0.820487 0.571596 0.00884968 76.4232 -0.571627 0.820512 0.00125124 50.2308 -0.00654607 -0.00608535 0.99996 1.06536
0.811016 0.584957 0.00883114 77.6039 -0.584966 0.811056 -0.00187593 49.3455 -0.00825989 -0.0036445 0.999959 1.07602
0.803554 0.595168 0.00872433 79.3066 -0.595077 0.803593 -0.0110433 48.0298 -0.0135834 0.00368226 0.999901 1.08846
0.801807 0.597518 0.00882531 80.3906 -0.59741 0.801843 -0.0122068 47.1904 -0.0143703 0.0045152 0.999887 1.09114
0.806624 0.591044 0.00494145 81.921 -0.590957 0.806609 -0.0123398 46.0129 -0.0112792 0.00703338 0.999912 1.09486
0.824868 0.565305 0.00485421 83.3488 -0.565239 0.824862 -0.0103981 44.9868 -0.00988212 0.00583324 0.999934 1.10619
0.857705 0.514142 0.000253803 84.7149 -0.514137 0.857699 -0.00384318 44.1381 -0.00219362 0.00316582 0.999993 1.12691
0.903569 0.42844 0.00130972 86.1137 -0.428437 0.903569 -0.00195541 43.4274 -0.0020212 0.00120572 0.999997 1.14828
0.967247 0.253282 0.0167878 88.0591 -0.253335 0.967378 0.00112241 42.8046 -0.0159559 -0.0053386 0.999858 1.18257
0.999957 0.00835264 0.00403121 89.9757 -0.00832947 0.999949 -0.00573106 42.6454 -0.00407887 0.00569723 0.999975 1.19749
0.965359 -0.260874 -0.00519441 91.7967 0.260842 0.965362 -0.00617384 43.0281 0.00662508 0.00460505 0.999967 1.21633
0.865052 -0.501445 0.0154429 93.451 0.501491 0.865162 0.000964941 43.8948 -0.0138445 0.00690976 0.99988 1.25302
0.755764 -0.654731 0.012219 94.9017 0.654506 0.755841 0.0180287 45.1489 -0.0210396 -0.00562805 0.999763 1.25064
0.70578 -0.708254 0.0158225 95.9464 0.708162 0.705952 0.0118032 46.1913 -0.0195296 0.00287446 0.999805 1.23273
0.684581 -0.72893 0.0030194 96.9929 0.728722 0.684474 0.0214567 47.3347 -0.0177071 -0.0124885 0.999765 1.20489
0.683368 -0.730039 -0.00716525 98.1072 0.730018 0.68316 0.0191219 48.5333 -0.0090647 -0.018298 0.999792 1.20364
0.69272 -0.72105 -0.015069 99.3104 0.721203 0.692637 0.0110067 49.7858 0.00250092 -0.0184924 0.999826 1.19755
0.703079 -0.711095 -0.00484355 100.621 0.711014 0.702853 0.0213612 51.1169 -0.0117855 -0.0184624 0.99976 1.21044
0.708311 -0.705884 0.00494245 102.021 0.705734 0.708278 0.0168115 52.4882 -0.0153676 -0.00841972 0.999846 1.20293
0.706125 -0.708045 -0.00777853 103.465 0.708081 0.706123 0.00351422 53.9266 0.00300437 -0.00798931 0.999964 1.19298
0.703044 -0.711144 0.00189985 104.485 0.711102 0.703028 0.00924437 54.9475 -0.00790972 -0.00514821 0.999955 1.19811
0.699795 -0.714337 0.003183 105.52 0.714196 0.699733 0.0172501 56.0081 -0.0145496 -0.00979824 0.999846 1.20379
0.69584 -0.718159 -0.00742252 106.567 0.718183 0.695724 0.0134722 57.0969 -0.00451117 -0.0147052 0.999882 1.19546
0.690097 -0.723688 -0.00650103 107.652 0.723713 0.690033 0.0097239 58.2211 -0.00255114 -0.0114153 0.999932 1.19582
0.68604 -0.727564 5.62409e-05 108.766 0.727532 0.68601 0.00937414 59.3826 -0.00685887 -0.00639012 0.999956 1.20584
0.684369 -0.729088 0.00837699 109.913 0.729055 0.684419 0.00698828 60.5868 -0.0108284 0.00132472 0.999941 1.20468
0.684245 -0.729239 0.00433499 111.058 0.729177 0.684248 0.0102493 61.8153 -0.0104404 -0.00385205 0.999938 1.2058
0.685245 -0.728265 -0.00833413 112.206 0.72829 0.685088 0.0157777 63.0599 -0.00578074 -0.0168812 0.999841 1.20413
0.689482 -0.724164 -0.0141945 113.373 0.724245 0.689047 0.0261361 64.3212 -0.00914616 -0.0283006 0.999558 1.21235
0.6928 -0.720943 -0.0164204 114.565 0.72111 0.692431 0.0232377 65.5695 -0.00538311 -0.02794 0.999595 1.21353
0.69384 -0.720106 -0.00582413 115.789 0.720103 0.693724 0.014104 66.8266 -0.00611601 -0.0139799 0.999884 1.20031
0.695651 -0.718355 -0.00595578 116.996 0.718336 0.695494 0.016784 68.0885 -0.00791468 -0.0159541 0.999841 1.19687
0.696999 -0.717062 -0.00367498 118.202 0.716817 0.696605 0.0302499 69.3534 -0.019131 -0.0237184 0.999536 1.19452
0.698273 -0.715745 -0.0111355 119.395 0.715832 0.69819 0.0107618 70.542 7.19633e-05 -0.0154858 0.99988 1.20887
0.697376 -0.716638 -0.00981773 120.6 0.716685 0.697395 0.00194336 71.7323 0.00545415 -0.00839147 0.99995 1.23073
0.695195 -0.718605 0.0175905 121.819 0.718019 0.695368 0.0302113 72.9636 -0.0339419 -0.00837239 0.999389 1.25816
0.694201 -0.719781 -0.00065872 122.981 0.719654 0.694059 0.0194993 74.1408 -0.013578 -0.0140105 0.99981 1.23178
0.692099 -0.721789 -0.00440367 124.152 0.721798 0.692057 0.00805139 75.3084 -0.00276381 -0.00875092 0.999958 1.21551
0.687583 -0.726101 -0.00281763 125.299 0.726092 0.687539 0.0089511 76.5018 -0.00456217 -0.00820047 0.999956 1.20508
0.681703 -0.731593 -0.00725304 126.421 0.731622 0.681619 0.011148 77.6934 -0.00321196 -0.0129061 0.999912 1.18613
0.67867 -0.734322 -0.013339 127.533 0.734434 0.678455 0.0174679 78.8946 -0.00377715 -0.0216516 0.999758 1.17817
0.676648 -0.736261 -0.00823342 128.653 0.736251 0.676417 0.0198697 80.0857 -0.00906002 -0.0195066 0.999769 1.17633
0.671479 -0.740991 -0.00698662 129.753 0.741019 0.671412 0.00985901 81.2665 -0.00261454 -0.0117973 0.999927 1.1681
0.661583 -0.749868 -0.00250283 130.837 0.749856 0.661544 0.00866516 82.4781 -0.00484199 -0.00760949 0.999959 1.17027
0.653505 -0.756834 0.0115769 131.907 0.756588 0.653595 0.0197003 83.718 -0.0224765 -0.00411524 0.999739 1.16964
0.647029 -0.762458 0.00331521 132.933 0.762155 0.646884 0.0257152 84.9634 -0.0217514 -0.0141118 0.999664 1.15233
0.636788 -0.771031 -0.00365604 133.959 0.771024 0.636737 0.00939882 86.1944 -0.00491884 -0.00880395 0.999949 1.12765
0.625585 -0.780135 -0.0056397 134.98 0.780105 0.625445 0.0159821 87.4749 -0.00894086 -0.0143977 0.999856 1.12821
0.611647 -0.790969 -0.0159761 135.975 0.791127 0.611457 0.0154804 88.7665 -0.00247586 -0.0221077 0.999753 1.12339
0.598301 -0.801115 -0.0158089 136.965 0.801271 0.598161 0.0130043 90.0715 -0.000961744 -0.0204477 0.99979 1.11246
0.585459 -0.810574 -0.0143841 137.924 0.810587 0.584986 0.0271954 91.4256 -0.0136294 -0.0275813 0.999527 1.10732
0.574041 -0.818751 -0.0111549 138.869 0.818603 0.573512 0.0311866 92.7781 -0.0191366 -0.0270338 0.999451 1.09809
0.566749 -0.823695 -0.0179687 139.792 0.823804 0.566239 0.0268245 94.1363 -0.0119206 -0.0300054 0.999479 1.0894
0.561522 -0.826938 -0.0294335 140.687 0.827457 0.561046 0.0232704 95.5066 -0.0027296 -0.0374218 0.999296 1.07426
0.55712 -0.830057 -0.0249427 141.603 0.830239 0.556092 0.0382733 96.9098 -0.0178986 -0.0420312 0.998956 1.05737
0.550436 -0.834614 -0.0209936 142.509 0.834526 0.549301 0.0428198 98.3014 -0.0242061 -0.0410892 0.998862 1.0364
0.540354 -0.841288 -0.0158664 143.409 0.841394 0.54004 0.020314 99.6646 -0.00852149 -0.0243266 0.999668 1.00049
0.528255 -0.848963 -0.0144644 144.278 0.848954 0.527795 0.0266323 101.08 -0.0149756 -0.0263483 0.999541 0.976356
0.51696 -0.856009 -0.000296134 145.16 0.855725 0.516779 0.0259549 102.507 -0.0220646 -0.013671 0.999663 0.949039
0.506534 -0.862209 0.00424136 146.019 0.862041 0.506523 0.0178718 103.95 -0.0175576 -0.00539645 0.999831 0.924261
0.494549 -0.869065 0.0121541 146.865 0.86915 0.494495 -0.00733257 105.378 0.000362338 0.01419 0.999899 0.898562
0.484199 -0.874875 0.0120987 147.682 0.874721 0.484343 0.016573 106.883 -0.0203592 0.00255833 0.999789 0.887086
0.476318 -0.879212 0.0103522 148.478 0.878839 0.47642 0.0258161 108.387 -0.0276298 -0.00319875 0.999613 0.868082
0.472514 -0.881267 -0.00997238 149.247 0.881294 0.472376 0.013436 109.877 -0.00712994 -0.0151373 0.99986 0.838965
0.468357 -0.883526 -0.00480714 150.048 0.883512 0.468292 0.0104458 111.382 -0.00697799 -0.00913952 0.999934 0.829151
0.468145 -0.883651 0.00103067 150.846 0.883369 0.468025 0.0247344 112.913 -0.022339 -0.0106689 0.999694 0.825184
0.464982 -0.885319 -0.00158716 151.638 0.885216 0.464899 0.0161551 114.424 -0.0135645 -0.00891679 0.999868 0.818927
0.461251 -0.887222 0.00919413 152.447 0.887263 0.461183 -0.00858834 115.913 0.00337958 0.012119 0.999921 0.814464
0.45892 -0.88842 0.0100996 153.233 0.888417 0.458992 0.0064946 117.449 -0.0104056 0.00599215 0.999928 0.82954
0.45652 -0.889649 0.0107018 154.004 0.889627 0.45661 0.00839398 118.955 -0.0123542 0.00568855 0.999907 0.833391
0.456337 -0.889807 0.000539306 154.763 0.889797 0.456334 0.00443392 120.451 -0.00419143 -0.00154349 0.99999 0.829234
0.455137 -0.890419 -0.00193889 155.52 0.890348 0.455071 0.013846 121.953 -0.0114464 -0.00802812 0.999902 0.836514
0.454343 -0.890801 -0.00681376 156.267 0.890712 0.454148 0.0195141 123.448 -0.0142887 -0.0149352 0.999786 0.832575
0.452993 -0.891446 -0.0109976 157 0.891492 0.45286 0.012609 124.917 -0.00625987 -0.015516 0.99986 0.826213
0.454407 -0.890701 -0.0128984 157.684 0.890783 0.454281 0.0116399 126.282 -0.00450817 -0.0167789 0.999849 0.813483
0.459778 -0.887931 -0.013502 158.328 0.888028 0.459667 0.0106143 127.542 -0.00321832 -0.0168704 0.999852 0.80085
0.467801 -0.883716 -0.0144314 159.294 0.883833 0.467715 0.00909056 129.432 -0.00128368 -0.0170075 0.999855 0.7819
0.475785 -0.879427 -0.0153896 160.26 0.879561 0.475725 0.00758443 131.322 0.000651267 -0.0171446 0.999853 0.762942
0.483728 -0.875065 -0.0163761 161.226 0.875214 0.483697 0.00609663 133.212 0.0025861 -0.0172817 0.999847 0.743981
0.491628 -0.870632 -0.0173904 162.191 0.870794 0.491627 0.0046278 135.102 0.00452048 -0.0174186 0.999838 0.725022
0.505455 -0.862776 -0.011522 163.156 0.862853 0.505396 0.00779032 136.868 -0.000898152 -0.0138794 0.999903 0.721435
0.518523 -0.855051 0.00457474 164.157 0.854998 0.518542 0.00964936 138.508 -0.0106229 -0.00109202 0.999943 0.736402
0.518562 -0.855031 0.0039838 165.151 0.854904 0.518557 0.0154322 140.164 -0.0152609 -0.00459682 0.999873 0.72516
0.518033 -0.85525 -0.0137639 166.126 0.855344 0.517854 0.0146385 141.862 -0.00539191 -0.0193561 0.999798 0.704504
0.50999 -0.860089 -0.0125589 167.138 0.860174 0.50999 0.00343037 143.574 0.0034545 -0.0125523 0.999915 0.689363
0.498949 -0.866598 0.00759263 168.161 0.865979 0.498894 0.0344371 145.376 -0.0336311 -0.0106073 0.999378 0.693141
0.490949 -0.871188 -0.000545357 169.159 0.871014 0.490839 0.0202816 147.118 -0.0174014 -0.0104322 0.999794 0.676997
0.486253 -0.873564 0.0210857 170.225 0.873581 0.486541 0.011568 148.836 -0.0203644 0.0127951 0.999711 0.686739
0.483196 -0.875056 0.0282583 171.266 0.875386 0.483423 0.00139168 150.587 -0.0148785 0.0240645 0.9996 0.720454
0.480512 -0.87597 0.0422386 172.304 0.876742 0.48096 0.000508539 152.37 -0.0207606 0.036788 0.999107 0.732894
0.479536 -0.87643 0.0437582 173.313 0.877387 0.479741 -0.00637946 154.141 -0.0154014 0.041452 0.999022 0.737266
0.480078 -0.876568 0.0339564 174.279 0.877226 0.479722 -0.0184972 155.878 -7.55899e-05 0.0386675 0.999252 0.744462
0.478478 -0.876823 0.0473222 175.225 0.877889 0.478849 -0.00388655 157.561 -0.0192524 0.0434032 0.998872 0.76614
0.471443 -0.880091 0.0564052 176.094 0.881526 0.472135 -0.00119875 159.115 -0.0255758 0.0502877 0.998407 0.757565
0.443445 -0.894325 0.0594947 176.842 0.896186 0.443477 -0.0133971 160.533 -0.0144032 0.0592592 0.998139 0.732436
0.384614 -0.920902 0.0633366 177.467 0.923003 0.38455 -0.0136832 161.935 -0.0117552 0.0637226 0.997898 0.703667
0.255822 -0.964952 0.0585036 178.045 0.966723 0.255434 -0.0141494 163.81 -0.00129034 0.0601765 0.998187 0.692554
0.0670007 -0.997475 0.0235395 178.197 0.997673 0.0666774 -0.0142613 165.647 0.0126557 0.0244402 0.999621 0.698869
-0.159049 -0.987189 -0.0126665 177.931 0.987262 -0.158982 -0.00614433 167.37 0.00405187 -0.0134824 0.999901 0.712925
-0.373834 -0.926601 -0.0407225 177.305 0.926954 -0.374755 0.0177311 168.945 -0.0316906 -0.0311194 0.999013 0.693886
-0.574393 -0.818169 -0.0259134 176.424 0.818101 -0.574852 0.0160002 170.307 -0.0279872 -0.0120094 0.999536 0.632874
-0.732688 -0.680208 -0.0220412 175.161 0.680246 -0.732952 0.00689968 171.536 -0.0208484 -0.00993811 0.999733 0.568748
-0.8265 -0.562636 -0.0184011 173.571 0.562727 -0.826643 0.000336379 172.657 -0.0154004 -0.0100768 0.999831 0.515151
-0.862623 -0.505577 -0.0165354 172.208 0.505744 -0.862647 -0.00793505 173.449 -0.0102524 -0.0152076 0.999832 0.479333
-0.878536 -0.47742 -0.0156189 170.71 0.477635 -0.87842 -0.0155917 174.247 -0.00627616 -0.0211579 0.999756 0.450026
-0.88192 -0.471136 -0.0157494 169.077 0.471354 -0.881808 -0.0154906 175.112 -0.00658974 -0.021085 0.999756 0.423913
-0.881565 -0.471863 -0.0137172 167.292 0.47203 -0.881472 -0.0139658 176.046 -0.00550133 -0.0187867 0.999808 0.392225
-0.881921 -0.471334 -0.00769948 165.339 0.471397 -0.881809 -0.014032 176.939 -0.000175719 -0.0160046 0.999872 0.317588
-0.88143 -0.472251 -0.00775246 163.943 0.472314 -0.881334 -0.0130666 177.607 -0.000661786 -0.0151789 0.999885 0.282165
-0.880554 -0.473916 -0.00541918 162.501 0.473946 -0.880515 -0.00825693 178.335 -0.000858583 -0.00983907 0.999951 0.274495
-0.879879 -0.475156 -0.00628484 161.006 0.475188 -0.879867 -0.00540313 179.1 -0.0029625 -0.00774058 0.999966 0.269267
-0.879418 -0.475883 -0.0126229 159.465 0.475904 -0.879496 0.00142786 179.904 -0.0117813 -0.00475162 0.999919 0.263128
-0.879807 -0.475199 -0.0112393 157.925 0.475217 -0.879868 0.00121722 180.704 -0.0104675 -0.00427018 0.999936 0.249869
-0.881609 -0.471959 -0.00454887 156.389 0.471957 -0.88162 0.00146887 181.505 -0.00470362 -0.000851902 0.999989 0.238779
-0.8844 -0.466579 -0.0118786 154.834 0.466483 -0.884473 0.0100006 182.313 -0.0151724 0.00330332 0.999879 0.233086
-0.886882 -0.461791 -0.0137287 153.291 0.46159 -0.886957 0.0155527 183.133 -0.0193588 0.00745642 0.999785 0.200968
-0.888845 -0.458089 -0.010428 151.754 0.457964 -0.888885 0.0123506 183.965 -0.014927 0.00620208 0.999869 0.155639
-0.890377 -0.455143 -0.00858529 150.21 0.455057 -0.890403 0.0102597 184.776 -0.012314 0.00522821 0.999911 0.114639
-0.891162 -0.453589 -0.00930992 148.644 0.453599 -0.891205 0.00113323 185.582 -0.00881107 -0.00321308 0.999956 0.0754086
-0.891058 -0.453832 -0.00723489 147.081 0.453869 -0.891057 -0.00456026 186.384 -0.00437711 -0.00734714 0.999963 0.0605372
-0.889352 -0.457154 -0.00794224 145.541 0.457195 -0.889356 -0.00435937 187.194 -0.00507057 -0.00750816 0.999959 0.0677527
-0.887435 -0.460866 -0.00780755 144.021 0.460884 -0.887461 -0.000495717 188.016 -0.00670043 -0.00403829 0.999969 0.061361
-0.885859 -0.46393 -0.00471351 142.524 0.46387 -0.885847 0.00998167 188.833 -0.00880625 0.0066559 0.999939 0.0524539
-0.884114 -0.467259 -0.00340302 141.034 0.467223 -0.884103 0.0080394 189.624 -0.00676511 0.00551778 0.999962 0.053699
-0.883845 -0.467768 -0.00325776 139.565 0.467671 -0.883768 0.0153945 190.428 -0.0100801 0.0120828 0.999876 0.0638846
-0.884706 -0.466025 -0.0108126 138.096 0.465845 -0.884728 0.0156759 191.204 -0.0168716 0.00883159 0.999819 0.0810124
-0.887159 -0.461389 -0.00830252 136.65 0.461287 -0.887173 0.0117632 191.964 -0.0127932 0.00660594 0.999896 0.0973481
-0.890862 -0.454252 -0.00450388 135.211 0.454212 -0.89086 0.00774768 192.706 -0.00753172 0.0048564 0.99996 0.114919
-0.8953 -0.445423 -0.00611132 133.765 0.445403 -0.89532 0.00433196 193.43 -0.00740114 0.0011564 0.999972 0.122177
-0.899202 -0.437363 -0.0122059 132.324 0.437371 -0.899278 0.00215366 194.127 -0.0119185 -0.00340195 0.999923 0.133798
-0.902243 -0.430875 -0.0174174 130.89 0.431013 -0.902332 -0.00490985 194.787 -0.0136007 -0.011937 0.999836 0.148191
-0.903719 -0.427651 -0.0201494 129.485 0.427955 -0.903688 -0.014265 195.426 -0.0121083 -0.0215146 0.999695 0.161391
-0.904451 -0.425829 -0.0252865 127.449 0.426362 -0.904291 -0.0217595 196.356 -0.0136006 -0.0304616 0.999443 0.193954
-0.903545 -0.427476 -0.0295005 125.538 0.428236 -0.903244 -0.027651 197.236 -0.014826 -0.0376171 0.999182 0.22217
-0.900007 -0.434697 -0.032043 123.756 0.435595 -0.899634 -0.030255 198.081 -0.0156752 -0.0411874 0.999028 0.244733
-0.896294 -0.442587 -0.0278299 122.104 0.443279 -0.895958 -0.0276349 198.895 -0.0127036 -0.0371054 0.999231 0.253249
-0.891212 -0.45257 -0.0303476 120.575 0.45336 -0.890887 -0.0280321 199.65 -0.0143497 -0.0387409 0.999146 0.262106
-0.88515 -0.464332 -0.0300756 119.206 0.465071 -0.884907 -0.0254906 200.365 -0.0147779 -0.0365503 0.999223 0.277631
-0.876351 -0.480513 -0.0334286 117.598 0.4813 -0.876293 -0.0214636 201.235 -0.0189797 -0.0348988 0.999211 0.287989
-0.865375 -0.500213 -0.0302166 116.257 0.500799 -0.865413 -0.0161527 202.019 -0.01807 -0.0291106 0.999413 0.29958
-0.852861 -0.521382 -0.0280894 114.975 0.521868 -0.852915 -0.0137609 202.816 -0.0167832 -0.0263951 0.999511 0.316048
-0.843981 -0.536371 -0.0016294 113.705 0.536259 -0.843735 -0.0231783 203.719 0.0110574 -0.0204358 0.99973 0.357793
-0.793569 -0.608478 -0.00113902 112.451 0.60832 -0.793317 -0.0243805 204.644 0.0139314 -0.0200405 0.999702 0.372797
-0.676852 -0.736119 0.000661601 111.314 0.736086 -0.67683 -0.00886426 205.835 0.00697294 -0.0055128 0.99996 0.386075
-0.483985 -0.874963 -0.0140417 110.445 0.875012 -0.484082 0.0043595 207.246 -0.0106118 -0.0101767 0.999892 0.389713
-0.203321 -0.979102 -0.00443367 109.97 0.979112 -0.20332 -0.000667922 209.029 -0.000247492 -0.00447686 0.99999 0.369098
0.109026 -0.994005 0.00822817 110.092 0.994022 0.109069 0.0049274 211.212 -0.0057953 0.00764176 0.999954 0.36388
0.302541 -0.953092 0.00923733 110.66 0.953136 0.302536 -0.00195245 213.175 -0.000933756 0.00939513 0.999955 0.356322
0.395411 -0.918399 0.0139098 111.354 0.918486 0.395453 0.000327406 214.774 -0.00580138 0.0126465 0.999903 0.361465
0.44293 -0.896336 0.019862 112.211 0.89652 0.443002 -0.00081984 216.468 -0.00806405 0.0181698 0.999802 0.355033
0.465501 -0.88482 0.0200778 113.176 0.885028 0.465521 -0.00396867 218.27 -0.00583506 0.0196168 0.999791 0.342678
0.47175 -0.881487 0.020807 113.87 0.881715 0.471756 -0.0049235 219.533 -0.00547585 0.0206685 0.999771 0.337539
0.474581 -0.879934 0.0221163 114.595 0.88017 0.474654 -0.00213675 220.856 -0.0086174 0.0204802 0.999753 0.330758
0.474788 -0.879747 0.0249332 115.356 0.880014 0.474947 0.000508494 222.238 -0.0122893 0.0217001 0.999689 0.313912
0.471911 -0.881305 0.0245158 116.142 0.881613 0.471952 -0.00446294 223.666 -0.00763705 0.0237195 0.999689 0.285371
0.470599 -0.882195 0.0163944 116.946 0.882344 0.470466 -0.0114425 225.141 0.0023815 0.0198504 0.9998 0.261295
0.470532 -0.882218 0.0170827 117.778 0.882377 0.470514 -0.00529489 226.676 -0.00336638 0.0175648 0.99984 0.250319
0.470648 -0.881915 0.0267536 118.64 0.882114 0.470978 0.00739866 228.259 -0.0191254 0.0201176 0.999615 0.238032
0.469408 -0.882506 0.028987 119.522 0.882915 0.469523 -0.00311212 229.862 -0.0108636 0.0270539 0.999575 0.20694
0.467529 -0.883618 0.0252047 120.416 0.883976 0.467283 -0.0152755 231.508 0.00171995 0.0294221 0.999566 0.184556
0.466187 -0.884387 0.0230096 121.329 0.884685 0.46599 -0.013597 233.217 0.00130273 0.0266949 0.999643 0.185875
0.465966 -0.884385 0.0271831 122.267 0.88472 0.466122 -0.000638478 234.975 -0.012106 0.0243469 0.99963 0.184638
0.467069 -0.883702 0.0302945 123.237 0.884098 0.467301 0.000628198 236.744 -0.0147118 0.0264899 0.999541 0.168681
0.46722 -0.883683 0.0284524 124.215 0.884119 0.467193 -0.0079988 238.527 -0.00622433 0.0288925 0.999563 0.151945
0.46633 -0.884127 0.0292493 125.205 0.884598 0.466248 -0.00999609 240.344 -0.00479959 0.0305353 0.999522 0.147651
0.463529 -0.885436 0.0338053 126.209 0.886012 0.463634 -0.00513625 242.191 -0.0111255 0.0323327 0.999415 0.139503
0.460533 -0.886994 0.033937 127.207 0.887633 0.460373 -0.0128502 244.041 -0.00422562 0.0360415 0.999341 0.126654
0.458285 -0.888292 0.0302068 128.204 0.888803 0.457944 -0.0177795 245.901 0.00196033 0.034996 0.999386 0.134397
0.455683 -0.88963 0.0301806 129.202 0.890135 0.455551 -0.0115109 247.784 -0.00350834 0.0321101 0.999478 0.144868
0.453183 -0.890875 0.0311115 130.197 0.891339 0.453329 -0.00257761 249.668 -0.0118074 0.0288991 0.999513 0.148556
0.452474 -0.891307 0.0289749 131.178 0.891696 0.452634 -0.00113267 251.531 -0.0121055 0.0263493 0.999579 0.138141
0.452978 -0.891118 0.0268205 132.151 0.891495 0.452991 -0.00594587 253.377 -0.00685097 0.0266037 0.999623 0.130006
0.452841 -0.891236 0.0251599 133.121 0.891591 0.452696 -0.0115135 255.213 -0.00112856 0.0276461 0.999617 0.13171
0.453648 -0.890838 0.0247417 134.081 0.891163 0.45364 -0.00622457 257.047 -0.00567875 0.0248726 0.999674 0.145145
0.454389 -0.89051 0.0228459 135.027 0.890763 0.454464 -0.0021297 258.872 -0.00848613 0.021318 0.999737 0.154474
0.455363 -0.89 0.0233519 135.971 0.890146 0.455622 0.00700753 260.702 -0.0168763 0.0175956 0.999703 0.146413
0.456398 -0.889623 0.0164622 136.911 0.889682 0.45654 0.00605788 262.523 -0.0129049 0.0118813 0.999846 0.123002
0.457365 -0.889237 0.00868895 137.851 0.889263 0.457394 0.00159577 264.338 -0.00539329 0.00699691 0.999961 0.105496
0.458257 -0.888816 0.00249706 138.791 0.888815 0.458262 0.00197577 266.156 -0.0029004 0.00131401 0.999995 0.102886
0.458121 -0.888884 0.00315083 139.742 0.888867 0.458132 0.00554635 267.978 -0.00637356 0.000259772 0.99998 0.104077
0.457393 -0.889248 0.0054202 140.716 0.889219 0.457422 0.00734647 269.795 -0.00901216 0.00145952 0.999958 0.0998603
0.458241 -0.888815 0.00473584 141.693 0.888786 0.458265 0.00730331 271.625 -0.00866156 0.000862467 0.999962 0.0901634
0.459574 -0.888124 0.00532193 142.679 0.888099 0.459602 0.00682182 273.471 -0.00850459 0.00159127 0.999963 0.0811528
0.460496 -0.887648 0.00488381 143.671 0.887609 0.460522 0.00832303 275.339 -0.00963703 0.000502193 0.999953 0.0780179
0.461412 -0.887183 0.00216944 144.667 0.887176 0.461417 0.0036428 277.218 -0.00423285 0.00024384 0.999991 0.0760638
0.461401 -0.887186 0.00314784 145.671 0.887185 0.461409 0.00226964 279.124 -0.00346603 0.0017455 0.999992 0.0836841
0.461909 -0.886908 0.00585589 146.673 0.886854 0.461946 0.00983695 281.048 -0.0114296 0.000649539 0.999934 0.100586
0.462604 -0.886526 0.00824882 147.674 0.886431 0.462676 0.0130784 282.971 -0.0154109 0.0012619 0.99988 0.105971
0.462647 -0.886466 0.0116945 148.674 0.886429 0.462758 0.00988337 284.877 -0.014173 0.00579381 0.999883 0.107091
0.46232 -0.886625 0.0124985 149.67 0.886661 0.4624 0.00427769 286.772 -0.00957202 0.00910431 0.999913 0.109793
0.461959 -0.886723 0.017791 150.665 0.886795 0.462121 0.00620934 288.67 -0.0137276 0.0129085 0.999822 0.114127
0.461429 -0.88682 0.0251537 151.645 0.886967 0.461751 0.00866389 290.574 -0.019298 0.0183127 0.999646 0.116692
0.46117 -0.886899 0.027068 152.615 0.887231 0.461326 -0.000532527 292.449 -0.0120149 0.0242612 0.999633 0.111364
0.460439 -0.887217 0.0290337 153.581 0.88762 0.460571 -0.00235667 294.303 -0.0112812 0.026856 0.999576 0.116852
0.458493 -0.888015 0.0348438 154.527 0.88855 0.45878 0.000270503 296.123 -0.0162258 0.0308364 0.999393 0.126871
0.456576 -0.88877 0.0403215 155.459 0.889447 0.457032 0.00239602 297.91 -0.0205577 0.0347699 0.999184 0.125947
0.45478 -0.889611 0.0420368 156.372 0.890427 0.455123 -0.00158294 299.667 -0.0177237 0.0381506 0.999115 0.120345
0.453086 -0.890579 0.0397707 157.255 0.891334 0.453338 -0.00293218 301.396 -0.0154183 0.0367775 0.999205 0.114503
0.451808 -0.891246 0.039374 158.113 0.891965 0.452102 -0.00158739 303.086 -0.0163863 0.0358374 0.999223 0.11346
0.451037 -0.891778 0.0360273 158.943 0.892355 0.451334 0.000135891 304.738 -0.0163815 0.0320879 0.999351 0.114132
0.45158 -0.891575 0.0342038 159.748 0.892132 0.451769 -0.00242336 306.329 -0.0132916 0.0316087 0.999412 0.105291
0.454048 -0.890342 0.0336472 160.53 0.89086 0.454276 -0.000953774 307.867 -0.0144359 0.030408 0.999433 0.105027
0.456844 -0.888746 0.0377345 161.291 0.889396 0.457136 -0.000973295 309.328 -0.0163848 0.0340056 0.999287 0.111528
0.459667 -0.887111 0.0417116 162.029 0.887882 0.460071 0.000110338 310.709 -0.0192882 0.0369843 0.99913 0.128653
0.462227 -0.885723 0.0429183 162.721 0.886472 0.462771 0.00317594 312.007 -0.0226744 0.0365779 0.999074 0.136778
0.466024 -0.883899 0.0393079 163.672 0.884649 0.46624 -0.00403598 313.785 -0.0147595 0.0366545 0.999219 0.151368
0.468467 -0.882632 0.0387192 164.533 0.883361 0.468675 -0.00407554 315.393 -0.0145495 0.0361123 0.999242 0.16167
0.463349 -0.885317 0.0390008 165.299 0.886002 0.463681 -0.000603657 316.822 -0.0175495 0.0348345 0.999239 0.187111
0.441228 -0.89676 0.0337632 165.931 0.897348 0.441277 -0.00638285 318.1 -0.00917505 0.0331136 0.999409 0.204884
0.36813 -0.929386 0.0268762 166.589 0.929745 0.368195 -0.0026784 319.746 -0.00740643 0.0259741 0.999635 0.244437
0.228284 -0.973177 0.0285086 167.024 0.973535 0.228496 0.00434692 321.422 -0.0107444 0.0267618 0.999584 0.287766
-0.0163437 -0.999701 0.0182131 167.1 0.999622 -0.0159341 0.0224091 323.52 -0.0221122 0.0185724 0.999583 0.326111
-0.249544 -0.968258 0.014309 166.745 0.967839 -0.248895 0.0365835 325.282 -0.0318608 0.022978 0.999228 0.313063
-0.488789 -0.871855 0.0308994 165.945 0.872018 -0.487215 0.0469685 327.03 -0.0258951 0.0499025 0.998418 0.279443
-0.656495 -0.753544 0.0344337 164.999 0.754308 -0.655437 0.0377101 328.196 -0.00584712 0.0507301 0.998695 0.282386
-0.790915 -0.611137 0.0310708 163.773 0.611912 -0.78953 0.0469775 329.238 -0.00417835 0.0561678 0.998413 0.292169
-0.870291 -0.492524 0.00373887 162.268 0.492426 -0.869906 0.0279225 330.065 -0.0105 0.0261418 0.999603 0.3189
-0.902676 -0.43011 -0.0134267 160.613 0.429691 -0.902605 0.0258867 330.854 -0.0232532 0.017598 0.999575 0.325839
-0.910732 -0.412947 0.00639503 158.899 0.412979 -0.910727 0.00488652 331.613 0.00380626 0.00709133 0.999968 0.320037
-0.909863 -0.414843 0.00735707 157.077 0.414907 -0.909757 0.0139115 332.458 0.000922073 0.0157101 0.999876 0.350169
-0.908533 -0.417802 0.0029648 155.156 0.417812 -0.908497 0.00813072 333.331 -0.00070352 0.00862575 0.999963 0.378033
-0.903386 -0.428828 0.00055057 153.135 0.428826 -0.903384 -0.00234893 334.255 0.00150466 -0.00188589 0.999997 0.403528
-0.899627 -0.4366 -0.00712574 151.722 0.436631 -0.899634 -0.00347465 334.932 -0.00489352 -0.00623721 0.999969 0.423299
-0.896773 -0.4424 -0.00900431 150.259 0.442454 -0.896777 -0.00512515 335.644 -0.00580749 -0.00858008 0.999946 0.432044
-0.893803 -0.448435 -0.00478643 148.752 0.44845 -0.893804 -0.00267681 336.408 -0.00307775 -0.00453901 0.999985 0.428772
-0.890886 -0.454042 -0.0129693 147.183 0.45405 -0.890973 0.00251356 337.21 -0.0126966 -0.00364943 0.999913 0.424866
-0.888194 -0.459129 -0.0176841 145.595 0.459051 -0.888369 0.00849628 338.044 -0.0196109 -0.000571546 0.999808 0.414099
-0.88596 -0.463506 -0.0153738 143.993 0.463517 -0.886083 0.00305959 338.885 -0.0150406 -0.00441535 0.999877 0.403289
-0.885261 -0.464975 -0.0105085 142.377 0.464978 -0.885319 0.00224514 339.747 -0.0103473 -0.0028987 0.999942 0.396713
-0.885736 -0.464047 -0.011537 140.741 0.464031 -0.885809 0.00413634 340.613 -0.0121391 -0.00168983 0.999925 0.397936
-0.886748 -0.462057 -0.0134728 139.11 0.462045 -0.886847 0.00417013 341.472 -0.0138751 -0.00252718 0.999901 0.395099
-0.88779 -0.459959 -0.0163142 137.48 0.46 -0.887918 0.0013704 342.32 -0.015116 -0.00628792 0.999866 0.391905
-0.888734 -0.458122 -0.0166193 135.861 0.458181 -0.888859 0.000251917 343.167 -0.0148876 -0.00739078 0.999862 0.391209
-0.890715 -0.454379 -0.012873 134.244 0.454422 -0.890786 -0.000484482 344.01 -0.0112469 -0.00628129 0.999917 0.38451
-0.893927 -0.447779 -0.019724 132.616 0.447854 -0.894106 0.000682468 344.841 -0.017941 -0.00822341 0.999805 0.380576
-0.897014 -0.441356 -0.0238768 130.992 0.441574 -0.897214 -0.00446729 345.645 -0.0194509 -0.0145506 0.999705 0.378244
-0.899294 -0.436868 -0.020405 129.376 0.437123 -0.899345 -0.0101237 346.434 -0.0139284 -0.0180237 0.999741 0.37071
-0.900588 -0.434363 -0.0164253 127.762 0.434536 -0.900611 -0.00887678 347.228 -0.010937 -0.0151317 0.999826 0.371013
-0.900535 -0.43424 -0.0217454 126.151 0.434463 -0.900665 -0.00664508 348.021 -0.0166997 -0.0154317 0.999741 0.383131
-0.898637 -0.438353 -0.0172936 124.554 0.438569 -0.898622 -0.0116325 348.808 -0.0104413 -0.0180378 0.999783 0.387446
-0.895207 -0.445119 -0.0217618 122.96 0.445448 -0.895205 -0.0135573 349.602 -0.0134467 -0.0218304 0.999671 0.395388
-0.890672 -0.45396 -0.024984 121.378 0.454357 -0.890722 -0.0132355 350.407 -0.0162454 -0.0231402 0.9996 0.396332
-0.885901 -0.46315 -0.0258892 119.817 0.463542 -0.885998 -0.0116716 351.226 -0.017532 -0.0223406 0.999597 0.392638
-0.881019 -0.472517 -0.0230866 118.275 0.472855 -0.881057 -0.0120879 352.053 -0.0146289 -0.0215663 0.99966 0.392494
-0.876095 -0.481686 -0.0209078 116.748 0.482001 -0.876058 -0.0140302 352.884 -0.0115583 -0.0223694 0.999683 0.400116
-0.871109 -0.490585 -0.0222461 115.232 0.490917 -0.871108 -0.0130514 353.733 -0.012976 -0.0222902 0.999667 0.406409
-0.866569 -0.498372 -0.0261442 113.73 0.498761 -0.86667 -0.0109691 354.595 -0.0171917 -0.0225452 0.999598 0.408383
-0.863306 -0.50404 -0.0254325 112.261 0.504321 -0.863497 -0.00576884 355.463 -0.0190532 -0.0178064 0.99966 0.410789
-0.861555 -0.507279 -0.0197686 110.851 0.507424 -0.861692 -0.00279858 356.304 -0.0156148 -0.0124422 0.999801 0.412852
-0.860845 -0.508586 -0.0169159 109.506 0.508642 -0.860977 0.00115155 357.11 -0.0151499 -0.00761284 0.999856 0.421769
-0.862554 -0.505869 -0.00987706 107.626 0.505836 -0.86261 0.0058485 358.237 -0.0114786 4.84772e-05 0.999934 0.4365
-0.868808 -0.494997 -0.0122604 105.914 0.494849 -0.868878 0.0132761 359.236 -0.0172244 0.00546734 0.999837 0.460461
-0.878325 -0.478025 -0.0060873 104.334 0.477915 -0.878298 0.0137949 360.113 -0.0119408 0.00920722 0.999886 0.474271
-0.888983 -0.457873 -0.00789386 102.76 0.457744 -0.888974 0.0139878 360.941 -0.0134221 0.00882158 0.999871 0.492505
-0.898136 -0.439717 -0.000682511 101.197 0.4397 -0.898113 0.00755093 361.717 -0.00393324 0.00648166 0.999971 0.506755
-0.905807 -0.423671 0.00413142 99.6224 0.423684 -0.905806 0.00284389 362.47 0.00253739 0.00432643 0.999987 0.528696
-0.911634 -0.410969 0.00523088 97.9919 0.410982 -0.911642 0.00150402 363.219 0.00415058 0.00352091 0.999985 0.552774
-0.915405 -0.402508 0.00454987 96.295 0.402462 -0.915396 -0.00858334 363.961 0.0076198 -0.00602609 0.999953 0.579038
-0.916387 -0.400264 0.00489713 94.5329 0.400219 -0.916383 -0.00817108 364.743 0.00775824 -0.00552794 0.999955 0.600864
-0.915515 -0.401952 -0.0163531 92.6487 0.402057 -0.915607 -0.00364767 365.563 -0.0135068 -0.00991439 0.99986 0.607667
-0.912094 -0.408997 -0.028372 90.6632 0.409375 -0.912323 -0.0088848 366.43 -0.0222505 -0.0197186 0.999558 0.596018
-0.908946 -0.41685 -0.00728504 89.3054 0.416905 -0.908676 -0.0223256 367.041 0.00268667 -0.0233299 0.999724 0.559884
-0.904845 -0.424273 -0.0353351 87.8455 0.424838 -0.905214 -0.010027 367.72 -0.0277317 -0.0240845 0.999325 0.545027
-0.901803 -0.431014 -0.0312978 86.3717 0.431434 -0.90211 -0.00788621 368.43 -0.024835 -0.0206148 0.999479 0.514843
-0.898832 -0.438244 -0.00652552 84.8708 0.438273 -0.898552 -0.0228195 369.154 0.00413701 -0.0233709 0.999718 0.478074
-0.894364 -0.446646 -0.0248953 83.2743 0.447225 -0.894009 -0.0271545 369.922 -0.0101282 -0.0354198 0.999321 0.475042
-0.888308 -0.45855 -0.0253069 81.6533 0.459201 -0.887657 -0.0346421 370.731 -0.00657872 -0.0423938 0.999079 0.463061
-0.881778 -0.471664 -8.38432e-05 80.0295 0.471344 -0.881173 -0.0370089 371.602 0.0173819 -0.0326732 0.999315 0.458501
-0.875011 -0.483993 -0.0103112 78.3415 0.484099 -0.874719 -0.0227069 372.532 0.00197063 -0.0248604 0.999689 0.48866
-0.86916 -0.494126 -0.0200032 76.6298 0.494409 -0.869133 -0.0129572 373.483 -0.0109829 -0.0211516 0.999716 0.492139
-0.866416 -0.49919 -0.0114999 74.9237 0.499314 -0.866307 -0.014069 374.454 -0.00293936 -0.0179317 0.999835 0.483567
-0.865846 -0.5002 -0.0104854 73.2011 0.50029 -0.865811 -0.00907497 375.448 -0.00453904 -0.0131033 0.999904 0.500375
-0.866948 -0.498178 -0.0147787 71.4655 0.498324 -0.866949 -0.00848032 376.437 -0.00858763 -0.0147166 0.999855 0.512868
-0.869865 -0.492912 -0.0192828 69.7224 0.4931 -0.869949 -0.0063545 377.424 -0.0136429 -0.0150359 0.999794 0.51727
-0.873144 -0.487456 -0.00232883 68.008 0.487459 -0.873114 -0.00742161 378.408 0.00158437 -0.00761535 0.99997 0.511673
-0.876523 -0.48136 -0.00101836 66.2828 0.481358 -0.876523 0.00162108 379.392 -0.00167294 0.000930715 0.999998 0.515079
-0.87903 -0.476691 -0.00852585 64.5482 0.476665 -0.879071 0.00491279 380.347 -0.00983671 0.00025451 0.999952 0.519858
-0.881082 -0.472915 -0.00679908 62.8322 0.472951 -0.881071 -0.00554831 381.262 -0.0033666 -0.00810415 0.999961 0.525186
-0.883069 -0.469226 -0.00406244 61.1199 0.469243 -0.88303 -0.00830904 382.179 0.000311559 -0.00924373 0.999957 0.537953
-0.885014 -0.465499 -0.00776009 59.4091 0.465516 -0.885039 -0.000466071 383.101 -0.00665103 -0.00402493 0.99997 0.553601
-0.887827 -0.459901 -0.0159281 57.6954 0.459828 -0.88797 0.00822038 384.013 -0.0179242 -2.58964e-05 0.999839 0.557182
