0.49105 -0.870703 0.0273402 0.697203 0.871019 0.491248 0.000627138 0.547893 -0.0139769 0.0235059 0.999626 0.78061
0.49105 -0.870703 0.0273402 0.697203 0.871019 0.491248 0.000627138 0.547893 -0.0139769 0.0235059 0.999626 0.78061
0.488673 -0.872087 0.0257389 1.08261 0.872355 0.488871 0.00163063 1.24082 -0.014005 0.0216566 0.999667 0.781784
0.487287 -0.872873 0.0253552 1.50333 0.873142 0.487465 0.000946607 2.01053 -0.013186 0.0216774 0.999678 0.772132
0.485936 -0.873582 0.0268553 1.90528 0.873897 0.486111 1.82642e-05 2.72927 -0.0130706 0.0234598 0.999639 0.772201
0.483982 -0.874634 0.027879 2.3182 0.874972 0.484174 0.000141307 3.48637 -0.0136219 0.0243249 0.999611 0.760749
0.483089 -0.875037 0.030589 2.73048 0.875468 0.483273 -0.00153979 4.24872 -0.0134355 0.0275236 0.999531 0.752514
0.481242 -0.87613 0.0283223 3.13665 0.876509 0.481382 -0.00212806 4.99677 -0.0117694 0.0258489 0.999597 0.750414
0.48014 -0.876805 0.026031 3.55307 0.877141 0.480219 -0.00353284 5.76881 -0.00940296 0.0245291 0.999655 0.743532
0.478546 -0.8778 0.0214501 3.97264 0.878023 0.478613 -0.00227144 6.56054 -0.00827241 0.0199207 0.999767 0.740571
0.477669 -0.878311 0.0200761 4.38129 0.8785 0.477741 -0.00133118 7.33736 -0.00842197 0.0182727 0.999798 0.73276
0.476376 -0.879005 0.020393 4.81579 0.879189 0.476472 -0.000137599 8.13688 -0.00959573 0.0179948 0.999792 0.733517
0.4752 -0.879607 0.0218325 5.24361 0.879811 0.475324 0.00054886 8.95179 -0.0108603 0.0189477 0.999761 0.72993
0.474131 -0.880161 0.0226997 5.67003 0.880382 0.474265 0.000564581 9.74297 -0.0112626 0.0197167 0.999742 0.732776
0.472559 -0.88101 0.0225874 6.09715 0.881236 0.472676 -0.000200785 10.5493 -0.0104996 0.0199998 0.999745 0.725631
0.4716 -0.881517 0.0228402 6.53216 0.881752 0.471713 -0.00051661 11.3749 -0.0103186 0.020383 0.999739 0.719971
0.471064 -0.881797 0.0231041 6.96425 0.882021 0.47121 0.00101506 12.1879 -0.011782 0.0199002 0.999732 0.71761
0.47097 -0.881858 0.0226682 7.39867 0.882021 0.471184 0.00494128 13.0109 -0.0150384 0.0176667 0.999731 0.711909
0.471769 -0.881398 0.0239277 7.83306 0.88152 0.472068 0.00863119 13.8445 -0.018903 0.0170208 0.999676 0.70477
0.472994 -0.880658 0.0267997 8.28271 0.880806 0.473375 0.00988008 14.6691 -0.0213873 0.0189321 0.999592 0.698105
0.474538 -0.879782 0.0282407 8.71161 0.879997 0.474912 0.00805111 15.4745 -0.020495 0.0210311 0.999569 0.6471
0.475315 -0.879347 0.0286992 9.13475 0.879622 0.475643 0.00549341 16.3135 -0.0184812 0.0226333 0.999573 0.623579
0.476602 -0.878788 0.0241141 9.57811 0.879006 0.476801 0.00294233 17.1777 -0.0140833 0.0197941 0.999705 0.632239
0.47765 -0.878324 0.0199521 10.0532 0.87848 0.477775 0.00175695 18.0261 -0.0110758 0.0166883 0.999799 0.636769
0.478298 -0.877977 0.0196839 10.5185 0.878125 0.478427 0.00217053 18.8575 -0.011323 0.0162468 0.999804 0.629508
0.478401 -0.877853 0.0224983 10.9638 0.878011 0.478615 0.0049575 19.7515 -0.01512 0.0173821 0.999735 0.612419
0.477315 -0.878208 0.0303576 11.4354 0.878535 0.477655 0.00469982 20.5969 -0.0186279 0.0244269 0.999528 0.598532
0.476225 -0.878419 0.0398699 11.9005 0.879112 0.476615 0.000323428 21.4356 -0.0192867 0.034896 0.999205 0.583625
0.475208 -0.878904 0.041291 12.3514 0.879721 0.475476 -0.00368078 22.2845 -0.0163979 0.0380737 0.99914 0.579708
0.473927 -0.879762 0.0375829 12.8209 0.880468 0.474075 -0.00542564 23.1735 -0.0130439 0.0356619 0.999279 0.581518
0.472172 -0.880868 0.0335442 13.2826 0.881438 0.472267 -0.00554324 24.0651 -0.010959 0.0321845 0.999422 0.590632
0.471014 -0.881584 0.0309084 13.7518 0.882045 0.471157 -0.00294491 24.9383 -0.0119665 0.0286497 0.999518 0.589167
0.469943 -0.882125 0.0317687 14.2206 0.882586 0.47015 -0.00104636 25.7983 -0.014013 0.0285303 0.999495 0.570112
0.468961 -0.88272 0.0296825 14.6875 0.883072 0.46923 0.00244572 26.7165 -0.0160868 0.0250648 0.999556 0.56865
0.467297 -0.883459 0.0336661 15.155 0.883926 0.467622 0.00205153 27.5843 -0.0175555 0.0287997 0.999431 0.573322
0.467546 -0.883269 0.0351687 15.6594 0.883739 0.467961 0.00418608 28.521 -0.020155 0.0291228 0.999373 0.564103
0.466635 -0.883866 0.0321365 16.0957 0.884122 0.467144 0.0102669 29.3865 -0.024087 0.0236217 0.999431 0.519689
0.466842 -0.883723 0.0330378 16.539 0.883993 0.46738 0.0105781 30.2294 -0.0247893 0.0242669 0.999398 0.480129
0.467392 -0.883314 0.0360744 17.0145 0.88378 0.467869 0.00561122 31.1191 -0.0218345 0.0292592 0.999333 0.507289
0.467616 -0.883338 0.0323848 17.4691 0.88371 0.468005 0.00522019 32.0344 -0.0197675 0.0261778 0.999462 0.505469
0.466951 -0.883808 0.0290076 17.9301 0.884071 0.467306 0.00658722 32.9143 -0.0193772 0.0225688 0.999557 0.483955
0.466073 -0.884244 0.0298033 18.3847 0.884525 0.466445 0.00661995 33.7629 -0.0197553 0.0232764 0.999534 0.495463
0.465545 -0.884451 0.031848 18.8573 0.884789 0.46595 0.00629736 34.6734 -0.0204093 0.025247 0.999473 0.492172
0.464882 -0.884715 0.0341277 19.2994 0.885144 0.465292 0.00478288 35.5495 -0.0201108 0.0279844 0.999406 0.47392
0.464564 -0.885076 0.0286642 19.7255 0.885407 0.464811 0.00228636 36.3704 -0.015347 0.0243173 0.999586 0.449824
0.464326 -0.885312 0.0249899 20.1875 0.885565 0.464511 0.00185304 37.2589 -0.0132486 0.0212698 0.999686 0.468422
0.463257 -0.885914 0.0234467 20.6244 0.886094 0.46348 0.00490377 38.1551 -0.0152114 0.0185043 0.999713 0.466158
0.462958 -0.885975 0.0268016 21.0761 0.886176 0.463289 0.0074425 39.0248 -0.0190108 0.0203054 0.999613 0.45237
0.463435 -0.885618 0.0301577 21.5177 0.885888 0.463837 0.00764983 39.8259 -0.0207631 0.0231711 0.999516 0.441385
0.462985 -0.885809 0.0314157 21.9584 0.886138 0.463379 0.00627267 40.6627 -0.0201138 0.0249345 0.999487 0.430827
0.463232 -0.885645 0.0323963 22.4277 0.886051 0.463574 0.003545 41.5334 -0.0181577 0.0270626 0.999469 0.459305
0.462555 -0.886031 0.0314917 22.8629 0.886413 0.462882 0.00355868 42.3724 -0.01773 0.0262686 0.999498 0.473713
0.461599 -0.886389 0.0352237 23.2967 0.88683 0.462059 0.00579129 43.2045 -0.0214088 0.0285642 0.999363 0.499326
0.459838 -0.887119 0.0395978 23.7354 0.887607 0.460507 0.0093132 44.0685 -0.026497 0.0308647 0.999172 0.475313
0.45894 -0.887481 0.0418414 24.1658 0.887993 0.459725 0.0110162 44.9219 -0.0290122 0.0320991 0.999064 0.455862
0.458213 -0.887902 0.0408795 24.6014 0.888433 0.458913 0.0092596 45.7915 -0.0269817 0.0320758 0.999121 0.425512
0.456953 -0.888679 0.0379933 25.0296 0.889265 0.457382 0.0029606 46.5948 -0.0200084 0.0324332 0.999274 0.415909
0.456141 -0.88934 0.0317775 25.4258 0.889799 0.456353 -0.00063648 47.4167 -0.0139357 0.0285659 0.999495 0.419375
0.455446 -0.889909 0.0251133 25.8037 0.890145 0.455664 0.00345626 48.2275 -0.014519 0.0207804 0.999679 0.404467
0.454716 -0.890299 0.0245157 26.2202 0.890493 0.454964 0.00541394 49.0605 -0.0159738 0.0193693 0.999685 0.413381
0.45345 -0.890936 0.0248251 26.6149 0.891103 0.453741 0.00737067 49.8645 -0.0178309 0.0187795 0.999665 0.403675
0.452177 -0.89158 0.024923 27.003 0.891746 0.452473 0.00757181 50.6079 -0.0180279 0.0188012 0.999661 0.401709
0.451078 -0.892252 0.020369 27.4021 0.892297 0.451333 0.0101798 51.4086 -0.0182761 0.0135833 0.999741 0.410414
0.45009 -0.892746 0.0205969 27.7853 0.892775 0.450363 0.0111989 52.1839 -0.0192739 0.0133479 0.999725 0.403618
0.448939 -0.893327 0.0205287 28.1382 0.893346 0.449217 0.0116809 52.9201 -0.0196567 0.0130952 0.999721 0.408935
0.447737 -0.893915 0.0211525 28.519 0.893943 0.448027 0.0116953 53.641 -0.0199315 0.0136727 0.999708 0.413968
0.446182 -0.894738 0.0191018 28.8606 0.894679 0.446467 0.0147131 54.3496 -0.0216927 0.0105253 0.999709 0.420034
0.445436 -0.895087 0.0201583 29.2095 0.894987 0.445769 0.0169732 55.0818 -0.0241784 0.0104809 0.999653 0.427933
0.444295 -0.89566 0.019892 29.5546 0.895489 0.444648 0.0196714 55.7991 -0.0264638 0.00907316 0.999609 0.437795
0.442377 -0.896604 0.0201018 29.8878 0.896499 0.442711 0.0171899 56.4738 -0.0243118 0.0104168 0.99965 0.409756
0.441381 -0.897152 0.0173683 30.2101 0.897122 0.441607 0.012427 57.1321 -0.0188188 0.0100965 0.999772 0.397897
0.439482 -0.898175 0.0116669 30.4988 0.898155 0.439588 0.00895442 57.7507 -0.0131713 0.00654337 0.999892 0.380981
0.43991 -0.898014 0.00712666 30.8275 0.897985 0.439957 0.00773394 58.4199 -0.0100806 0.0029974 0.999945 0.401745
0.438581 -0.898686 0.00316706 31.1009 0.8986 0.438584 0.0127594 59.0056 -0.0128557 -0.00275013 0.999914 0.43053
0.437736 -0.899079 0.00662283 31.3948 0.898963 0.437786 0.0144582 59.616 -0.0158985 -0.000375201 0.999874 0.407974
0.436682 -0.899542 0.011501 31.6701 0.899498 0.436796 0.0106132 60.1648 -0.0145706 0.00571052 0.999878 0.384632
0.436982 -0.899408 0.0105428 31.9666 0.899439 0.437035 0.00317737 60.7423 -0.00746534 0.00809417 0.999939 0.436194
0.437654 -0.899094 0.00942633 32.1963 0.899136 0.437669 -0.000406551 61.2166 -0.00376009 0.00865348 0.999956 0.419351
0.440807 -0.897578 0.0065567 32.5126 0.897599 0.440812 -0.000806296 61.829 -0.00216656 0.00624071 0.999978 0.453276
0.444433 -0.895801 0.00450043 32.7139 0.895794 0.44445 0.00403291 62.3107 -0.0056129 0.0022391 0.999982 0.394576
0.448827 -0.893595 0.00653182 32.9823 0.893576 0.448865 0.0065169 62.7979 -0.00875537 0.00291172 0.999957 0.412847
0.453829 -0.891014 0.0115529 33.1946 0.890999 0.453929 0.00825475 63.2679 -0.0125993 0.00654742 0.999899 0.448176
0.460213 -0.887628 0.0178703 33.4735 0.887673 0.460402 0.00820774 63.7702 -0.015513 0.0120857 0.999807 0.461759
0.469645 -0.882689 0.0171604 33.703 0.882695 0.469841 0.00993271 64.1749 -0.0168302 0.0104826 0.999803 0.48495
0.482272 -0.875946 0.0114931 33.9589 0.875868 0.482391 0.0124321 64.6473 -0.016434 0.00407081 0.999857 0.490343
0.497354 -0.867524 0.0063728 34.1958 0.867376 0.497388 0.0162309 65.0989 -0.0172504 -0.00254488 0.999848 0.491315
0.515087 -0.85711 0.00694642 34.4702 0.856958 0.515128 0.0163264 65.4939 -0.0175718 -0.00245674 0.999843 0.485378
0.535521 -0.844465 0.00982928 34.7637 0.844316 0.535611 0.0158862 65.8567 -0.01868 -0.000208385 0.999826 0.496234
0.560719 -0.827877 0.0146457 35.0172 0.827713 0.560903 0.0166897 66.2398 -0.0220319 0.00276416 0.999753 0.474759
0.587776 -0.808907 0.0137138 35.2576 0.808683 0.587936 0.019044 66.5615 -0.0234677 -0.000103485 0.999725 0.488373
0.617273 -0.786645 0.012795 35.5679 0.786388 0.617401 0.0202412 66.8622 -0.0238223 -0.00243252 0.999713 0.47843
0.647223 -0.762171 0.0140611 35.8811 0.761895 0.647371 0.0206628 67.2237 -0.0248513 -0.0026603 0.999688 0.473266
0.682214 -0.730983 0.0157401 36.1409 0.730714 0.682393 0.0199258 67.4932 -0.0253063 -0.00209211 0.999678 0.44918
0.718216 -0.695698 0.0130828 36.4534 0.695418 0.718313 0.0205122 67.7603 -0.0236678 -0.00563417 0.999704 0.452737
0.755442 -0.655112 0.0116118 36.7578 0.654846 0.755493 0.0201893 68.0319 -0.0219989 -0.00764791 0.999729 0.465658
0.793015 -0.609115 0.0102641 37.0908 0.608875 0.793029 0.019369 68.2545 -0.0199377 -0.0091103 0.99976 0.452582
0.828794 -0.559468 0.00981378 37.387 0.55925 0.828794 0.0184304 68.468 -0.0184448 -0.00978661 0.999782 0.452205
0.863525 -0.504219 0.00942017 37.6797 0.504012 0.863508 0.0180531 68.6464 -0.0172371 -0.0108414 0.999793 0.389363
0.894708 -0.446541 0.00989078 38.0119 0.446363 0.894707 0.0160998 68.823 -0.0160386 -0.00998974 0.999821 0.400485
0.921712 -0.387725 0.0107536 38.3913 0.387554 0.921723 0.0151154 68.9435 -0.0157724 -0.00976445 0.999828 0.416137
0.944531 -0.328185 0.0124889 38.7549 0.328006 0.944565 0.0144503 69.0539 -0.0165389 -0.00955229 0.999818 0.42819
0.96348 -0.267373 0.0147959 39.1349 0.267128 0.963518 0.0166308 69.1198 -0.0187027 -0.0120711 0.999752 0.436006
0.978355 -0.206259 0.0167058 39.5134 0.20599 0.978415 0.0165014 69.1827 -0.0197488 -0.012703 0.999724 0.435295
0.989127 -0.146228 0.0156276 39.8931 0.146011 0.989181 0.0142384 69.2194 -0.0175406 -0.0118018 0.999776 0.402947
0.996094 -0.0868176 0.0160791 40.242 0.0866561 0.996183 0.010485 69.2263 -0.016928 -0.00905067 0.999816 0.418351
0.999387 -0.0303129 0.0174949 40.6269 0.0301249 0.999487 0.0109128 69.238 -0.0178167 -0.0103791 0.999787 0.456932
0.999583 0.0241075 0.0158867 41.0205 -0.0243263 0.99961 0.0137278 69.2061 -0.0155496 -0.0141085 0.99978 0.45831
0.996988 0.0762892 0.0139422 41.4065 -0.0765013 0.996951 0.0153718 69.1915 -0.012727 -0.0163921 0.999785 0.451368
0.992134 0.124501 0.0129953 41.7754 -0.124653 0.992132 0.0116752 69.1902 -0.0114394 -0.0132033 0.999847 0.416405
0.98562 0.168407 0.0138575 42.1548 -0.168391 0.985718 -0.00229369 69.1021 -0.0140459 -7.27801e-05 0.999901 0.397638
0.977995 0.208022 0.0159075 42.5193 -0.207905 0.97811 -0.00874207 69.0175 -0.0173778 0.00524246 0.999835 0.420651
0.9699 0.242959 0.0162885 42.8429 -0.242868 0.970031 -0.00738988 68.9211 -0.0175958 0.00321149 0.99984 0.462713
0.961987 0.272761 0.0134895 43.2703 -0.272853 0.96204 0.00546409 68.8035 -0.011487 -0.00893703 0.999894 0.49835
0.95326 0.301924 0.011676 43.6579 -0.302064 0.953199 0.0130011 68.6938 -0.00720418 -0.0159203 0.999847 0.463849
0.944349 0.328845 0.00812346 43.9914 -0.328927 0.944271 0.0126399 68.5507 -0.00351419 -0.0146085 0.999887 0.473695
0.936144 0.3516 0.00349155 44.4376 -0.351616 0.936122 0.00641329 68.4125 -0.0010136 -0.00723144 0.999973 0.467567
0.928666 0.370906 -0.00275221 44.8186 -0.370904 0.92867 0.00124779 68.2435 0.00301871 -0.000137973 0.999995 0.470747
0.921153 0.389085 -0.00948018 45.1901 -0.389082 0.9212 0.00220221 68.0652 0.00958999 0.00166 0.999953 0.486943
0.913788 0.406039 -0.0111069 45.6147 -0.405976 0.913853 0.0075694 67.9142 0.0132235 -0.0024077 0.99991 0.496202
0.907193 0.420671 -0.00603115 46.0538 -0.420608 0.907193 0.0095156 67.7146 0.00947436 -0.00609573 0.999937 0.465622
0.901156 0.43349 -0.00213709 46.4594 -0.433461 0.901135 0.00818495 67.5035 0.00547391 -0.00644957 0.999964 0.480005
0.895937 0.44418 -0.000952569 46.9343 -0.444169 0.895927 0.00525988 67.2821 0.00318976 -0.00428942 0.999986 0.482974
0.8902 0.45556 -0.00289735 47.398 -0.45556 0.890205 0.000903754 67.0677 0.00299095 0.000515393 0.999995 0.477001
0.88496 0.465656 -0.0031696 47.8782 -0.465657 0.884965 0.000762454 66.82 0.00316003 0.000801206 0.999995 0.479695
0.881029 0.47304 -0.00469007 48.3447 -0.473049 0.881036 -0.000951605 66.5854 0.00368197 0.00305702 0.999988 0.478825
0.878342 0.477987 -0.00660422 48.8663 -0.478013 0.878348 -0.00303344 66.3198 0.00435086 0.0058213 0.999974 0.479907
0.875432 0.483304 -0.00597625 49.3382 -0.48332 0.875442 -0.00164828 66.017 0.00443524 0.0043314 0.999981 0.471641
0.872394 0.488779 -0.00497651 49.8685 -0.488779 0.872407 0.00124301 65.7252 0.0049491 0.00134802 0.999987 0.486687
0.869973 0.493069 -0.00535358 50.3752 -0.493071 0.869988 0.00102343 65.4395 0.00516217 0.00174934 0.999985 0.478689
0.868346 0.495921 -0.00607907 50.9324 -0.495922 0.868366 0.00146592 65.1428 0.00600584 0.00174182 0.99998 0.485918
0.866913 0.498415 -0.00662957 51.4808 -0.498436 0.866924 -0.00197606 64.8341 0.00476244 0.00501749 0.999976 0.489438
0.865604 0.500688 -0.00643084 52.0545 -0.500704 0.865618 -0.00103821 64.4658 0.00504683 0.00411863 0.999979 0.496763
0.865452 0.50094 -0.00723656 52.6162 -0.500967 0.865462 -0.00261041 64.1409 0.00495531 0.00588446 0.99997 0.504083
0.865911 0.500116 -0.00908507 53.2239 -0.500174 0.865905 -0.00587172 63.7882 0.00493026 0.0096285 0.999942 0.493905
0.867143 0.497942 -0.0108301 53.8312 -0.49803 0.867122 -0.0080387 63.4212 0.0053882 0.0123644 0.999909 0.507725
0.869644 0.493538 -0.0118489 54.4848 -0.49365 0.869606 -0.00978317 63.0746 0.00547548 0.0143571 0.999882 0.517635
0.871786 0.489765 -0.0109016 55.1298 -0.489863 0.871749 -0.00944372 62.7072 0.00487827 0.0135732 0.999896 0.520949
0.874077 0.485691 -0.00967558 55.7858 -0.485766 0.874052 -0.00802911 62.3259 0.00455729 0.0117181 0.999921 0.526635
0.875822 0.48254 -0.00951887 56.4669 -0.482622 0.87577 -0.0101234 61.9536 0.00345138 0.0134603 0.999903 0.535779
0.877688 0.479141 -0.00936509 57.1344 -0.479222 0.877629 -0.0106497 61.6222 0.00311639 0.013835 0.999899 0.544543
0.879603 0.475636 -0.00830053 57.8859 -0.475703 0.879544 -0.0104165 61.2218 0.00234621 0.013111 0.999911 0.564046
0.881942 0.471275 -0.00882283 58.597 -0.471354 0.881853 -0.0126348 60.8519 0.00182599 0.0153018 0.999881 0.586278
0.883027 0.46918 -0.0115628 59.3069 -0.469296 0.882972 -0.0110251 60.4672 0.00503692 0.0151618 0.999872 0.579909
0.883444 0.468349 -0.0132578 60.0657 -0.468431 0.883492 -0.00378122 60.1062 0.00994225 0.00955087 0.999905 0.594744
0.883421 0.468397 -0.0130706 60.7782 -0.468436 0.883497 0.000116489 59.7439 0.0116024 0.00601983 0.999915 0.600064
0.883511 0.468293 -0.0105109 61.5096 -0.468277 0.883572 0.00408283 59.3814 0.0111991 0.00131478 0.999936 0.621251
0.883891 0.467586 -0.0100319 62.2559 -0.467572 0.883947 0.00389547 58.9841 0.0106891 0.00124747 0.999942 0.646719
0.883784 0.467846 -0.00674425 62.9382 -0.467819 0.883809 0.00515391 58.6315 0.00837186 -0.00139985 0.999964 0.632121
0.883933 0.467524 -0.0091336 63.6664 -0.467514 0.883979 0.00327159 58.2423 0.00960346 0.00137822 0.999953 0.663114
0.884177 0.467094 -0.00734075 64.4035 -0.467053 0.884204 0.00664775 57.8718 0.00959585 -0.00244927 0.999951 0.698174
0.8843 0.46687 -0.00680099 65.1204 -0.466808 0.884313 0.00898486 57.4884 0.010209 -0.00477056 0.999937 0.687635
0.883678 0.468041 -0.00714859 65.8944 -0.467958 0.883686 0.0106894 57.1043 0.0113202 -0.00610075 0.999917 0.725497
0.882395 0.470449 -0.00751837 66.5702 -0.470373 0.882412 0.00987549 56.7502 0.0112802 -0.00517764 0.999923 0.712348
0.880668 0.47372 -0.0036253 67.2629 -0.473634 0.880614 0.0137678 56.3832 0.00971458 -0.0104078 0.999899 0.721238
0.878758 0.477268 2.3516e-05 68.0355 -0.477223 0.878675 0.0136876 55.98 0.00651198 -0.0120393 0.999906 0.760539
0.875736 0.482781 0.00310412 68.7205 -0.482764 0.875601 0.0161739 55.5803 0.00509049 -0.0156626 0.999864 0.793215
0.87222 0.489103 0.00318351 69.4255 -0.489089 0.872093 0.0156917 55.1958 0.00489853 -0.0152436 0.999872 0.806467
0.868055 0.496459 0.00311914 70.1412 -0.496429 0.867889 0.0180605 54.8073 0.00625922 -0.0172259 0.999832 0.806967
0.862827 0.505487 0.00349608 70.8262 -0.505458 0.862648 0.0187305 54.4216 0.00645216 -0.0179283 0.999818 0.835689
0.857826 0.513925 0.00403108 71.5248 -0.513919 0.857692 0.0158783 54.0338 0.00470282 -0.0156924 0.999866 0.851067
0.851991 0.523509 0.00703153 72.2089 -0.523543 0.851796 0.0186151 53.627 0.00375572 -0.0195412 0.999802 0.86114
0.846028 0.533059 0.00914934 72.8888 -0.533124 0.845761 0.0216131 53.1976 0.00378289 -0.023163 0.999725 0.855159
0.840081 0.542372 0.00980567 73.5335 -0.54244 0.839752 0.0239878 52.7383 0.00477598 -0.0254707 0.999664 0.868626
0.834284 0.551267 0.00868182 74.2238 -0.551303 0.833963 0.0238789 52.3233 0.00592333 -0.0247081 0.999677 0.925321
0.827638 0.561243 0.00464953 74.858 -0.561214 0.827429 0.0199814 51.9025 0.00736727 -0.0191468 0.999789 0.923064
0.821835 0.569701 0.00531829 75.496 -0.569675 0.821601 0.0210337 51.4415 0.00761344 -0.020316 0.999765 0.908554
0.816039 0.577978 0.00464477 76.1181 -0.577934 0.815807 0.02124 50.996 0.00848701 -0.020017 0.999764 0.897568
0.810523 0.585694 0.00392499 76.7591 -0.585629 0.810287 0.0217614 50.5445 0.00956513 -0.0199367 0.999756 0.919856
0.805064 0.593187 0.000902327 77.3263 -0.593112 0.804937 0.0171478 50.1209 0.00944553 -0.0143403 0.999853 0.935475
0.799563 0.600577 0.00239715 77.9138 -0.600522 0.79942 0.0173773 49.6627 0.0085201 -0.0153338 0.999846 0.944191
0.795622 0.605789 0.00209919 78.4797 -0.60575 0.79552 0.0146654 49.2461 0.00721422 -0.0129397 0.99989 0.957352
0.792693 0.609593 0.00585258 79.0454 -0.609599 0.792547 0.0160989 48.7968 0.00517531 -0.0163292 0.999853 0.973262
0.790354 0.612575 0.00956965 79.6297 -0.612635 0.790128 0.0194046 48.3369 0.00432554 -0.0211992 0.999766 0.986602
0.788249 0.615305 0.00792772 80.2066 -0.615345 0.788092 0.0161466 47.8574 0.00368728 -0.0176058 0.999838 1.02321
0.787961 0.615646 0.00990628 80.7404 -0.615715 0.787751 0.0185538 47.4631 0.00361889 -0.0207191 0.999779 1.03339
0.787512 0.616259 0.00707445 81.2803 -0.616283 0.787354 0.0163915 47.0616 0.0045313 -0.0172683 0.999841 1.05588
0.787803 0.615872 0.00824386 81.7952 -0.615902 0.787577 0.0196601 46.6705 0.00561545 -0.0205657 0.999773 1.07728
0.789881 0.613246 0.00427641 82.3141 -0.613218 0.789724 0.0173219 46.2677 0.0072454 -0.0163046 0.999841 1.07009
0.792788 0.609484 0.00397291 82.809 -0.609439 0.792605 0.0190359 45.9116 0.00845311 -0.0175126 0.999811 1.08725
0.798037 0.602603 0.00246564 83.3075 -0.602551 0.797897 0.0171008 45.5271 0.00833767 -0.0151327 0.999851 1.09807
0.804505 0.593944 0.00157729 83.7915 -0.593893 0.804395 0.0155196 45.1675 0.00794901 -0.0134223 0.999878 1.13025
0.812141 0.58346 0.000810297 84.2642 -0.583392 0.812023 0.0165411 44.834 0.00899311 -0.0139064 0.999863 1.13693
0.821834 0.569726 -0.0010589 84.7027 -0.569626 0.821722 0.0173044 44.5768 0.0107289 -0.0136182 0.99985 1.12356
0.832225 0.554424 -0.00394096 85.2086 -0.55427 0.832127 0.0186955 44.2756 0.0136446 -0.0133745 0.999817 1.14298
0.845232 0.534375 -0.00519145 85.657 -0.534168 0.845111 0.0212619 43.9912 0.0157492 -0.0151981 0.99976 1.15449
0.859847 0.510512 -0.00639211 86.1376 -0.510283 0.859733 0.0216846 43.7824 0.0165657 -0.0153836 0.999744 1.1743
0.875841 0.48256 -0.00621306 86.574 -0.4823 0.875678 0.0239523 43.5512 0.016999 -0.0179818 0.999694 1.17959
0.892332 0.451351 -0.00502003 87.0542 -0.451114 0.892134 0.0243719 43.3483 0.0154788 -0.0194832 0.99969 1.18069
0.910081 0.414423 -0.00255766 87.5696 -0.414275 0.909889 0.0218692 43.2272 0.0113903 -0.0188431 0.999758 1.18425
0.928462 0.371426 0.00083557 88.034 -0.371362 0.928255 0.0207885 43.0498 0.00694578 -0.0196116 0.999783 1.20535
0.94464 0.32807 0.00498451 88.5161 -0.328098 0.944388 0.0219858 42.9241 0.00250556 -0.0224041 0.999746 1.24016
0.95993 0.280119 0.00821882 89.0237 -0.280237 0.959625 0.0242272 42.8367 -0.00110049 -0.0255596 0.999673 1.26602
0.974372 0.224806 0.00778945 89.5654 -0.224929 0.974089 0.0236019 42.7782 -0.00228178 -0.0247491 0.999691 1.22951
0.986517 0.163602 0.00439038 90.0927 -0.163659 0.98629 0.0211718 42.7534 -0.000866423 -0.0216049 0.999766 1.27
0.994997 0.0998754 0.00223342 90.5641 -0.0999004 0.994761 0.0216876 42.7237 -5.56596e-05 -0.0218022 0.999762 1.26057
0.999475 0.0323502 -0.00157079 91.0307 -0.0323138 0.99929 0.0193845 42.7488 0.00219677 -0.0193236 0.999811 1.28746
0.999292 -0.0370259 -0.00664149 91.5415 0.0371523 0.999108 0.0200475 42.7878 0.00589329 -0.02028 0.999777 1.28896
0.994262 -0.106626 -0.0086389 91.9613 0.106798 0.99402 0.0227682 42.9077 0.00615956 -0.0235602 0.999703 1.27955
0.984478 -0.17519 -0.010569 92.4171 0.175388 0.984248 0.0222556 43.0122 0.0065036 -0.0237638 0.999696 1.29354
0.97042 -0.24117 -0.0110509 92.8332 0.241348 0.970245 0.0194119 43.1765 0.00604046 -0.0215048 0.99975 1.29654
0.951688 -0.306978 -0.00743946 93.2607 0.307065 0.951504 0.0187454 43.3421 0.00132426 -0.0201242 0.999797 1.30885
0.928825 -0.370497 -0.00408783 93.6997 0.370499 0.928599 0.0208253 43.5313 -0.00391975 -0.0208576 0.999775 1.32466
0.902941 -0.429764 0.000544635 94.0923 0.429641 0.902713 0.0227448 43.784 -0.0102665 -0.0203032 0.999741 1.33086
0.873503 -0.486792 0.00506557 94.5211 0.486541 0.873309 0.0246882 44.0372 -0.0164418 -0.0191006 0.999682 1.32759
0.844018 -0.536238 0.00904754 94.8677 0.535855 0.843873 0.0271604 44.2982 -0.0221994 -0.0180757 0.99959 1.33936
0.814314 -0.580358 0.0087984 95.2129 0.579905 0.814133 0.0299644 44.5542 -0.0245532 -0.0192982 0.999512 1.3615
0.789118 -0.614224 0.00452151 95.5294 0.613771 0.788781 0.0332998 44.867 -0.02402 -0.0235023 0.999435 1.33867
0.764119 -0.645074 0.00110784 95.8606 0.644619 0.763642 0.0362992 45.1747 -0.0242617 -0.0270228 0.99934 1.32312
0.742311 -0.670055 0.000352232 96.2135 0.669576 0.741799 0.0374467 45.4702 -0.0253527 -0.0275613 0.999299 1.24659
0.727196 -0.686429 0.00108155 96.4889 0.685984 0.72678 0.0348684 45.7687 -0.0247208 -0.0246143 0.999391 1.25951
0.714308 -0.699822 0.00353208 96.8353 0.699406 0.714041 0.0312434 46.0886 -0.0243869 -0.0198471 0.999506 1.23945
0.706105 -0.708106 0.00141516 97.151 0.70764 0.70571 0.0349259 46.462 -0.0257299 -0.0236599 0.999389 1.24541
0.6996 -0.714534 -0.00101724 97.5024 0.714057 0.69908 0.0375399 46.8353 -0.0261124 -0.0269893 0.999295 1.21249
0.695908 -0.718081 -0.00849276 97.8566 0.717751 0.695106 0.040757 47.1913 -0.0233634 -0.0344588 0.999133 1.20803
0.694008 -0.719876 -0.011485 98.2094 0.719665 0.693166 0.0400278 47.6189 -0.020854 -0.0360449 0.999133 1.20422
0.694253 -0.719557 -0.0158493 98.5838 0.719481 0.693262 0.0416553 48.0046 -0.0189856 -0.0403226 0.999006 1.18059
0.696134 -0.717707 -0.0171509 98.969 0.717691 0.695128 0.0414427 48.4282 -0.0178216 -0.0411587 0.998994 1.15856
0.699133 -0.714662 -0.0217127 99.3722 0.714867 0.698119 0.0399393 48.8404 -0.0133851 -0.0434445 0.998966 1.15492
0.702754 -0.71103 -0.0239198 99.7761 0.711371 0.701851 0.0368401 49.2603 -0.00940624 -0.0429054 0.999035 1.14273
0.706495 -0.707188 -0.0273808 100.184 0.707653 0.705379 0.0408258 49.7307 -0.00955767 -0.0482193 0.998791 1.13292
0.709844 -0.703794 -0.028204 100.617 0.704263 0.708514 0.0449671 50.14 -0.0116647 -0.0517826 0.99859 1.11453
0.713111 -0.700612 -0.0248086 101.098 0.700874 0.71169 0.0476714 50.6124 -0.015743 -0.0513827 0.998555 1.12679
0.716119 -0.697749 -0.0178882 101.526 0.697758 0.715014 0.043473 51.0323 -0.0175429 -0.0436135 0.998895 1.12621
0.718746 -0.69512 -0.0145751 101.998 0.694997 0.717715 0.0431781 51.5262 -0.0195532 -0.0411638 0.998961 1.14543
0.720597 -0.693186 -0.0152948 102.478 0.693019 0.719386 0.046998 51.955 -0.0215755 -0.0444662 0.998778 1.13535
0.720812 -0.692972 -0.0148178 102.97 0.69283 0.719707 0.0448153 52.4253 -0.0203913 -0.0425696 0.998885 1.11558
0.720673 -0.693151 -0.0131323 103.452 0.693073 0.719878 0.0377525 52.8859 -0.0167145 -0.0363089 0.999201 1.10234
0.719825 -0.693968 -0.0161678 103.934 0.694087 0.719229 0.0308805 53.3751 -0.0098017 -0.0334504 0.999392 1.1097
0.718808 -0.694901 -0.0206658 104.396 0.695177 0.718175 0.0308839 53.891 -0.00661959 -0.0365659 0.999309 1.10481
0.716116 -0.697639 -0.0218721 104.926 0.697926 0.715308 0.0351241 54.3894 -0.00885861 -0.040418 0.999144 1.07439
0.715055 -0.698837 -0.0179762 105.43 0.698909 0.714105 0.0397569 54.8823 -0.0149468 -0.0409921 0.999048 1.06032
0.713319 -0.700736 -0.0119949 105.939 0.700555 0.712438 0.0406836 55.3724 -0.0199628 -0.0374235 0.9991 1.06734
0.712151 -0.701901 -0.0132663 106.472 0.701724 0.711162 0.0428119 55.9537 -0.0206152 -0.0397978 0.998995 1.05335
0.71066 -0.703293 -0.0184775 106.991 0.703354 0.709634 0.0413772 56.5012 -0.015988 -0.0424013 0.998973 1.06828
0.708905 -0.704957 -0.0221226 107.54 0.705196 0.707899 0.0397077 57.0456 -0.0123316 -0.0437498 0.998966 1.03406
0.704967 -0.708806 -0.0248024 108.074 0.709153 0.703904 0.0402513 57.6022 -0.0110718 -0.0459646 0.998882 1.00612
0.701928 -0.711794 -0.0254171 108.62 0.71216 0.700834 0.0407419 58.1576 -0.0111867 -0.046699 0.998846 0.983563
0.699015 -0.714765 -0.0221133 109.205 0.715003 0.698049 0.0387076 58.7356 -0.0122306 -0.0428683 0.999006 0.988334
0.697626 -0.716069 -0.0237201 109.774 0.716301 0.696386 0.044258 59.2964 -0.0151735 -0.0478663 0.998738 0.992478
0.696915 -0.716774 -0.0233178 110.324 0.716944 0.695559 0.0467833 59.8631 -0.0173142 -0.0493216 0.998633 0.986526
0.697215 -0.716653 -0.017348 110.9 0.716647 0.696207 0.0413913 60.4516 -0.0175854 -0.0412911 0.998992 0.994298
0.695812 -0.717979 -0.0187807 111.481 0.71794 0.694562 0.0463235 61.0449 -0.0202149 -0.0457158 0.99875 0.957159
0.695937 -0.717846 -0.0192091 112.07 0.717873 0.694789 0.0438889 61.6553 -0.0181592 -0.0443336 0.998852 0.972139
0.696235 -0.717384 -0.0248349 112.644 0.717653 0.694931 0.0452205 62.2882 -0.0151819 -0.0493069 0.998668 0.975633
0.697123 -0.716152 -0.0338532 113.222 0.71681 0.695268 0.0527886 62.8717 -0.0142677 -0.0610664 0.998032 0.954963
0.698025 -0.71516 -0.0361449 113.798 0.71593 0.69599 0.0551542 63.4857 -0.0142877 -0.0643763 0.997823 0.949866
0.700486 -0.712786 -0.035417 114.382 0.713481 0.698313 0.0574713 64.1081 -0.0162326 -0.0655272 0.997719 0.937192
0.703023 -0.710331 -0.0344667 114.972 0.710996 0.700968 0.0559229 64.7059 -0.0155637 -0.0638208 0.99784 0.926136
0.703822 -0.709492 -0.0354406 115.588 0.710231 0.701793 0.0552993 65.3419 -0.0143625 -0.0640919 0.997841 0.917515
0.705746 -0.707628 -0.0344367 116.207 0.708332 0.703838 0.053641 65.9555 -0.01372 -0.0622496 0.997966 0.900771
0.705831 -0.707613 -0.0329627 116.814 0.708251 0.704046 0.0519611 66.5509 -0.0135611 -0.0600216 0.998105 0.900967
0.706278 -0.707312 -0.0296801 117.438 0.70781 0.704747 0.0483361 67.1683 -0.0132717 -0.0551466 0.99839 0.915231
0.707673 -0.705828 -0.0317233 118.038 0.706387 0.705873 0.0525443 67.7544 -0.0146946 -0.0595932 0.998115 0.915363
0.708554 -0.705021 -0.0299456 118.651 0.705399 0.70651 0.0570679 68.3719 -0.0190772 -0.0615592 0.997921 0.892003
0.710315 -0.703274 -0.0292857 119.243 0.70351 0.707967 0.0620999 68.9734 -0.02294 -0.0647133 0.99764 0.886915
0.711203 -0.702255 -0.0320579 119.849 0.702764 0.709092 0.0575328 69.5648 -0.0176707 -0.0634467 0.997829 0.853916
0.710579 -0.702524 -0.0392164 120.437 0.7036 0.709059 0.0467151 70.1643 -0.00501174 -0.0607874 0.998138 0.834174
0.711292 -0.701822 -0.038865 121.048 0.702896 0.710299 0.0375886 70.7545 0.00122522 -0.0540545 0.998537 0.843024
0.71009 -0.702869 -0.041814 121.602 0.704091 0.708364 0.0497559 71.3175 -0.00535237 -0.064772 0.997886 0.855165
0.710028 -0.703507 -0.0306188 122.195 0.703958 0.708066 0.0555539 71.9338 -0.0174025 -0.0609992 0.997986 0.85353
0.70896 -0.705202 -0.00806219 122.846 0.704086 0.70709 0.0654698 72.5627 -0.0404687 -0.0520919 0.997822 0.804782
0.708462 -0.705691 -0.00908013 123.406 0.704826 0.706819 0.0602232 73.1204 -0.0360809 -0.0490657 0.998144 0.7678
0.70641 -0.707405 -0.023728 123.999 0.707563 0.704901 0.0496912 73.7383 -0.0184259 -0.0518914 0.998483 0.783609
0.705647 -0.707761 -0.0337138 124.563 0.708486 0.704068 0.0483406 74.3134 -0.0104768 -0.0579971 0.998262 0.784973
0.704681 -0.708615 -0.0359102 125.146 0.709474 0.703129 0.0475025 74.8857 -0.00841149 -0.0589515 0.998225 0.777302
0.703413 -0.709939 -0.0345945 125.735 0.710693 0.701726 0.0499672 75.4948 -0.0111978 -0.0597336 0.998152 0.767742
0.701996 -0.711349 -0.034416 126.311 0.712092 0.700327 0.0496627 76.0865 -0.011225 -0.0593704 0.998173 0.772862
0.697534 -0.715764 -0.0335856 126.871 0.716503 0.696173 0.0443467 76.6787 -0.00836038 -0.0549975 0.998451 0.779371
0.695399 -0.717816 -0.0340552 127.426 0.718569 0.69398 0.0452813 77.2717 -0.00886995 -0.0559596 0.998394 0.781465
0.693366 -0.719641 -0.0368818 127.964 0.720524 0.691729 0.0485408 77.8812 -0.00941974 -0.0602308 0.99814 0.77193
0.692314 -0.720666 -0.0366154 128.519 0.721514 0.690579 0.0501761 78.4833 -0.0108744 -0.0611562 0.998069 0.748122
0.691007 -0.722069 -0.0335608 129.11 0.722692 0.689147 0.0528496 79.1138 -0.0150327 -0.0607735 0.998038 0.74986
0.689673 -0.72356 -0.0285042 129.603 0.723956 0.688139 0.0485077 79.6569 -0.0154833 -0.0540902 0.998416 0.741052
0.688087 -0.725126 -0.0269963 130.193 0.725487 0.686743 0.0453001 80.2447 -0.0143087 -0.0507559 0.998609 0.710948
0.68523 -0.727815 -0.0273126 130.767 0.728246 0.684112 0.0406127 80.8697 -0.0108737 -0.0477193 0.998802 0.706824
0.680324 -0.732419 -0.0268588 131.297 0.732833 0.679258 0.0395554 81.4168 -0.010727 -0.0465935 0.998856 0.698019
0.675473 -0.737009 -0.023532 131.829 0.737243 0.674373 0.0411513 82.0345 -0.0144595 -0.0451454 0.998876 0.690131
0.671101 -0.741171 -0.0170026 132.354 0.741072 0.670014 0.0435218 82.6186 -0.0208651 -0.0418077 0.998908 0.724383
0.667726 -0.744329 -0.0107953 132.914 0.743761 0.666472 0.051323 83.2249 -0.0310065 -0.0422989 0.998624 0.720318
0.664407 -0.747296 -0.010566 133.452 0.746529 0.662921 0.0568408 83.855 -0.0354726 -0.0456532 0.998327 0.716073
0.661091 -0.750205 -0.0123151 133.938 0.749701 0.65981 0.0509826 84.4123 -0.0301218 -0.0429368 0.998624 0.685994
0.656218 -0.754366 -0.0176005 134.456 0.754286 0.655149 0.0428064 85.0151 -0.0207607 -0.0413661 0.998928 0.690714
0.651143 -0.758732 -0.0183991 135.001 0.758808 0.650348 0.0354674 85.654 -0.0149445 -0.0370557 0.999201 0.66675
0.646335 -0.762869 -0.0168224 135.502 0.762912 0.645631 0.0335615 86.2626 -0.014742 -0.034526 0.999295 0.648596
0.640781 -0.767521 -0.0176336 136.018 0.767521 0.639915 0.0376998 86.8937 -0.0176514 -0.0376915 0.999133 0.626509
0.634031 -0.773013 -0.0213332 136.541 0.773113 0.633012 0.0399015 87.5357 -0.0173403 -0.0417918 0.998976 0.628447
0.627307 -0.778363 -0.0252436 137.038 0.778633 0.626252 0.039232 88.1742 -0.0147279 -0.044266 0.998911 0.617048
0.620139 -0.783999 -0.0278 137.525 0.784414 0.61919 0.036038 88.795 -0.0110403 -0.0441553 0.998964 0.618605
0.613202 -0.78941 -0.0285424 138.054 0.789821 0.612131 0.0384605 89.4754 -0.0128894 -0.0461274 0.998852 0.59495
0.606529 -0.794503 -0.0297947 138.559 0.79488 0.605165 0.0440594 90.1671 -0.0169746 -0.0504066 0.998584 0.580005
0.600714 -0.798985 -0.027661 139.037 0.799131 0.599105 0.0496283 90.8009 -0.0230804 -0.0519172 0.998385 0.583259
0.594383 -0.803726 -0.0270795 139.52 0.803733 0.592589 0.0534093 91.4792 -0.0268794 -0.0535103 0.998205 0.541566
0.588833 -0.807832 -0.0261383 139.974 0.807758 0.58703 0.0540651 92.1459 -0.0283315 -0.0529488 0.998195 0.545694
0.58527 -0.810411 -0.0263183 140.454 0.810356 0.583494 0.0534546 92.8151 -0.0279637 -0.0526126 0.998223 0.5007
0.58161 -0.812893 -0.0305761 140.933 0.813143 0.579905 0.0500913 93.5391 -0.0229876 -0.0539964 0.998276 0.507606
0.578333 -0.81491 -0.0381164 141.4 0.815622 0.576594 0.0479691 94.2131 -0.0171128 -0.0588307 0.998121 0.520612
0.576106 -0.816372 -0.0404869 141.838 0.817216 0.574308 0.0482637 94.8337 -0.0161492 -0.0608915 0.998014 0.459558
0.573943 -0.817835 -0.0416482 142.314 0.818687 0.57191 0.0516686 95.5234 -0.0184374 -0.0637517 0.997795 0.475293
0.571515 -0.81954 -0.0415214 142.831 0.820202 0.568955 0.0596556 96.2573 -0.0252663 -0.0681501 0.997355 0.467294
0.568999 -0.821452 -0.0381662 143.275 0.821476 0.565665 0.0721192 96.9182 -0.0376531 -0.0723884 0.996666 0.449994
0.566094 -0.823618 -0.034508 143.742 0.823449 0.56304 0.0701273 97.5692 -0.0383288 -0.0681142 0.996941 0.42646
0.561442 -0.827149 -0.0246466 144.182 0.82706 0.559894 0.0498941 98.22 -0.0274704 -0.0483968 0.99845 0.405683
0.555713 -0.830998 -0.0250065 144.627 0.831151 0.554616 0.0398602 98.9076 -0.0192548 -0.042935 0.998892 0.41414
0.550266 -0.834505 -0.0284413 145.124 0.834752 0.548979 0.0425507 99.6324 -0.0198951 -0.0471556 0.998689 0.39856
0.543487 -0.839052 -0.0247605 145.521 0.83904 0.542122 0.0460001 100.319 -0.0251733 -0.0457755 0.998634 0.375686
0.537267 -0.843165 -0.0204093 145.922 0.842894 0.535931 0.0480423 100.968 -0.0295696 -0.0430144 0.998637 0.357671
0.531257 -0.847134 -0.0114018 146.4 0.84656 0.530273 0.0463284 101.702 -0.0332003 -0.0342646 0.998861 0.342416
0.527056 -0.849822 -0.00371351 146.849 0.849154 0.526457 0.0421991 102.413 -0.0339067 -0.0253946 0.999102 0.335635
0.521754 -0.853095 0.00120846 147.269 0.852584 0.521489 0.0339049 103.093 -0.0295543 -0.0166597 0.999424 0.3205
0.51608 -0.85654 0.000495823 147.717 0.856277 0.515936 0.0244687 103.791 -0.0212143 -0.0122033 0.9997 0.322221
0.510158 -0.860081 -0.000254544 148.144 0.859947 0.510073 0.0177983 104.508 -0.0151782 -0.00929886 0.999842 0.311201
0.504105 -0.863637 -0.00322309 148.586 0.863444 0.503905 0.0233462 105.236 -0.0185385 -0.0145519 0.999722 0.339072
0.499514 -0.866303 -0.00213781 148.99 0.865813 0.499145 0.0349551 106.004 -0.0292147 -0.0193115 0.999387 0.335049
0.495827 -0.868412 0.00402267 149.435 0.867613 0.495559 0.0408539 106.791 -0.0374715 -0.0167663 0.999157 0.31319
0.493047 -0.869938 0.0106325 149.79 0.869293 0.493101 0.0343754 107.44 -0.0351474 -0.00770597 0.999352 0.286072
0.4913 -0.870976 0.00503934 150.24 0.87057 0.491234 0.0282401 108.186 -0.0270719 -0.00948722 0.999588 0.292766
0.488194 -0.872713 -0.00624787 150.614 0.87253 0.487912 0.0251576 108.981 -0.0189069 -0.0177332 0.999664 0.267486
0.486279 -0.873741 -0.0104391 150.996 0.873661 0.485949 0.0238783 109.696 -0.0157905 -0.0207317 0.99966 0.238469
0.484157 -0.874944 -0.00807459 151.396 0.87477 0.483816 0.0264561 110.454 -0.019241 -0.0198723 0.999617 0.231371
0.483958 -0.875078 -0.00477685 151.831 0.874747 0.483607 0.0306792 111.19 -0.0245366 -0.019026 0.999518 0.210285
0.483575 -0.875302 -0.000823649 152.224 0.874785 0.483257 0.0348506 111.958 -0.0301068 -0.0175734 0.999392 0.179793
0.48269 -0.875785 0.00316563 152.627 0.875253 0.482517 0.0333128 112.661 -0.0307023 -0.0133091 0.99944 0.168321
0.48077 -0.876846 0.00115243 153.01 0.876498 0.480615 0.027575 113.395 -0.0247329 -0.0122471 0.999619 0.144684
0.479185 -0.877714 -0.000906857 153.416 0.877583 0.479095 0.0177664 114.124 -0.0151593 -0.00930923 0.999842 0.130769
0.477289 -0.878746 -0.000841768 153.837 0.878698 0.477253 0.0109433 114.88 -0.00921468 -0.0059628 0.99994 0.104812
0.476385 -0.879219 -0.00556433 154.237 0.879166 0.476257 0.0156982 115.643 -0.0111521 -0.0123703 0.999861 0.0941754
0.47474 -0.880115 -0.00449647 154.633 0.879879 0.474479 0.0261197 116.398 -0.0208549 -0.0163564 0.999649 0.104435
0.473895 -0.880572 0.00407966 155.08 0.88023 0.473832 0.026065 117.199 -0.0248851 -0.00876102 0.999652 0.0937284
0.472883 -0.880989 0.0155006 155.47 0.880838 0.473105 0.0172239 117.917 -0.0225075 0.00550856 0.999731 0.111076
0.473356 -0.880846 0.0067185 155.827 0.880704 0.473401 0.0158907 118.674 -0.0171778 -0.00160494 0.999851 0.0951259
0.472925 -0.88109 -0.00465764 156.19 0.880961 0.472748 0.0204303 119.405 -0.015799 -0.0137652 0.99978 0.0764175
0.472328 -0.88139 -0.00758465 156.569 0.881243 0.472039 0.0242933 120.134 -0.0178317 -0.0181583 0.999676 0.0906891
0.471698 -0.881664 -0.0130055 156.962 0.881477 0.471123 0.0322682 120.916 -0.0223225 -0.0266849 0.999395 0.0710637
0.471375 -0.881805 -0.0150016 157.333 0.881599 0.47066 0.0355376 121.656 -0.0242766 -0.0299769 0.999256 0.0664472
0.470734 -0.88214 -0.015435 157.717 0.881931 0.46999 0.036157 122.384 -0.0246413 -0.0306329 0.999227 0.0468973
0.470386 -0.882337 -0.0148199 158.102 0.882209 0.469784 0.0317692 123.109 -0.0210689 -0.0280181 0.999385 0.0233742
0.469347 -0.882819 -0.0185519 158.463 0.882848 0.468748 0.0292485 123.821 -0.017125 -0.0301062 0.9994 0.0049546
0.468325 -0.883282 -0.0220211 158.85 0.883361 0.467552 0.0327058 124.583 -0.0185924 -0.0347695 0.999222 -0.0114014
0.466387 -0.884239 -0.024587 159.23 0.884209 0.465205 0.0419375 125.305 -0.0256448 -0.0412991 0.998818 -0.0376662
0.464002 -0.885733 -0.0133908 159.639 0.885204 0.463049 0.0447238 126.061 -0.0334128 -0.0326055 0.99891 0.012108
0.463647 -0.88602 -0.000586184 159.988 0.885321 0.463256 0.0400092 126.684 -0.0351774 -0.0190691 0.999199 0.0061739
0.462679 -0.886526 -0.000552742 160.3 0.885956 0.462359 0.0361456 127.347 -0.0317884 -0.0172135 0.999346 0.00502735
0.464336 -0.885638 -0.00607693 160.655 0.885334 0.463969 0.0302763 128.01 -0.0239943 -0.0194385 0.999523 -0.0139988
0.464816 -0.885301 -0.0137019 160.96 0.885164 0.46427 0.0306312 128.641 -0.0207564 -0.0263663 0.999437 -0.0509041
0.466176 -0.884497 -0.0185688 161.29 0.884533 0.46559 0.0287748 129.228 -0.0168058 -0.0298388 0.999413 -0.093806
0.468142 -0.883521 -0.0153017 161.575 0.88356 0.46777 0.0226451 129.787 -0.0128497 -0.0241211 0.999626 -0.0628256
0.472319 -0.881254 -0.017503 161.9 0.881333 0.471883 0.0240401 130.387 -0.0129261 -0.0267806 0.999558 -0.0747386
0.477532 -0.878436 -0.0176975 162.214 0.878437 0.476933 0.0297372 131.039 -0.0176817 -0.0297466 0.999401 -0.0681587
0.482665 -0.875596 -0.0191488 162.534 0.875459 0.481744 0.0386492 131.57 -0.0246163 -0.0354186 0.999069 -0.0812293
0.487082 -0.873157 -0.0186343 162.851 0.872884 0.486007 0.0432566 132.203 -0.0287134 -0.0373352 0.99889 -0.0847088
0.493511 -0.869546 -0.0183507 163.156 0.869341 0.492536 0.0406904 132.74 -0.0263438 -0.0360341 0.999003 -0.0801252
0.499648 -0.865977 -0.0208607 163.516 0.866071 0.498954 0.0310803 133.386 -0.0165063 -0.0335961 0.999299 -0.100532
0.506244 -0.862017 -0.0253737 163.8 0.862348 0.505709 0.0247859 133.905 -0.00853412 -0.0344287 0.999371 -0.0954846
0.512478 -0.858015 -0.034298 164.135 0.858685 0.511822 0.0264112 134.491 -0.00510669 -0.0429864 0.999063 -0.124056
