0.487528 -0.87274 0.0253312 0.693399 0.873031 0.487663 -0.000953409 0.549401 -0.011521 0.0225798 0.999679 0.782934
0.484334 -0.874451 0.0274866 1.51996 0.874807 0.484467 -0.00203012 2.03904 -0.0115411 0.0250287 0.99962 0.77397
0.481848 -0.875868 0.0260449 2.34915 0.876209 0.481914 -0.00408137 3.55678 -0.00897668 0.0247874 0.999652 0.774319
0.479396 -0.877342 0.0212266 3.18237 0.87758 0.479403 -0.00507467 5.10413 -0.00572387 0.0210608 0.999762 0.765342
0.477097 -0.87861 0.0205716 4.02595 0.878821 0.477141 -0.00299963 6.68081 -0.00718003 0.0195098 0.999784 0.762302
0.474968 -0.87972 0.0222946 4.88399 0.879961 0.475041 -0.00227132 8.28855 -0.00859272 0.0206972 0.999749 0.766806
0.472613 -0.880989 0.0222616 5.7512 0.881238 0.472661 -0.00340099 9.92645 -0.00752594 0.0212251 0.999746 0.762578
0.472026 -0.8813 0.0224254 6.61937 0.881501 0.472179 0.00176701 11.5659 -0.0121461 0.018934 0.999747 0.759829
0.474018 -0.880122 0.0263069 7.51114 0.880316 0.474334 0.00707762 13.2336 -0.0187075 0.0198035 0.999629 0.749054
0.476889 -0.878459 0.0297854 8.40208 0.878785 0.4772 0.00396097 14.9003 -0.0176932 0.0242861 0.999548 0.729702
0.479149 -0.877393 0.0244275 9.30643 0.87767 0.479263 -0.00132525 16.5867 -0.0105445 0.0220743 0.999701 0.714767
0.479755 -0.877008 0.0263043 10.2329 0.877257 0.480006 0.00385451 18.2856 -0.0160067 0.0212264 0.999647 0.69583
0.477881 -0.877355 0.043337 11.18 0.878207 0.478278 -0.00136594 20.008 -0.0195287 0.0387116 0.99906 0.684175
0.475247 -0.879085 0.0367302 12.1081 0.879781 0.475325 -0.00715378 21.7255 -0.01117 0.0357143 0.9993 0.700855
0.472571 -0.880782 0.0300004 13.0142 0.881231 0.472667 -0.00423201 23.5022 -0.0104527 0.0284372 0.999541 0.733642
0.470941 -0.881812 0.024955 13.9578 0.88205 0.471147 0.0027801 25.2807 -0.014209 0.0207023 0.999685 0.747289
0.469556 -0.882354 0.0311196 14.9177 0.882678 0.469939 0.00598243 27.0721 -0.0199029 0.0246595 0.999498 0.710893
0.469123 -0.882692 0.0278929 15.8073 0.882828 0.469556 0.0114414 28.8176 -0.0231965 0.0192573 0.999545 0.646829
0.469635 -0.882329 0.0306407 16.7502 0.882672 0.46997 0.00439713 30.6322 -0.0182799 0.0249807 0.999521 0.636865
0.467958 -0.883314 0.0277755 17.6391 0.883537 0.468304 0.00726276 32.372 -0.0194227 0.021142 0.999588 0.625905
0.466549 -0.883926 0.0317154 18.5653 0.884296 0.466905 0.00448804 34.1066 -0.0187752 0.025952 0.999487 0.602654
0.466548 -0.8841 0.0264631 19.4654 0.884417 0.466697 -0.000584985 35.8707 -0.0118331 0.0236773 0.99965 0.610859
0.465787 -0.884503 0.0264111 20.3893 0.884725 0.466077 0.00581575 37.5628 -0.0174537 0.0206577 0.999634 0.635428
0.465632 -0.884443 0.0307752 21.2473 0.884789 0.465971 0.00450985 39.2483 -0.018329 0.0251296 0.999516 0.556387
0.46441 -0.885192 0.0275311 22.1607 0.885483 0.46466 0.00315491 40.9794 -0.0155853 0.0229131 0.999616 0.635249
0.464062 -0.884814 0.0418511 23.031 0.885469 0.464665 0.00548664 42.6675 -0.0243014 0.0345118 0.999109 0.577644
0.462674 -0.885534 0.0419841 23.9189 0.886166 0.46332 0.00665328 44.3579 -0.0253438 0.0341266 0.999096 0.555011
0.460539 -0.887087 0.0313083 24.7605 0.887557 0.46069 -0.00263597 46.0089 -0.0120851 0.0290019 0.999506 0.575153
0.458448 -0.888463 0.0214224 25.5632 0.888619 0.458627 0.00406128 47.6193 -0.0134332 0.0171745 0.999762 0.574651
0.455847 -0.889667 0.0263906 26.3658 0.889922 0.456095 0.00395558 49.2123 -0.0155558 0.0216825 0.999644 0.566238
0.453113 -0.891138 0.0237094 27.1306 0.891303 0.453365 0.00628459 50.757 -0.0163494 0.0182846 0.999699 0.559712
0.450649 -0.892325 0.0259154 27.8447 0.892523 0.450949 0.00692148 52.1868 -0.0178627 0.0200109 0.99964 0.541872
0.449035 -0.893134 0.0260623 28.5504 0.893196 0.449462 0.0135639 53.652 -0.0238284 0.0171881 0.999568 0.504383
0.445305 -0.895063 0.0237694 29.2502 0.89507 0.445692 0.0144563 55.0135 -0.0235331 0.0148378 0.999613 0.496541
0.442866 -0.896469 0.0145884 30.166 0.896539 0.442953 0.00327812 56.9358 -0.00940071 0.0116273 0.999888 0.507846
0.440456 -0.897541 0.0204735 31.0484 0.897694 0.440607 0.00333359 58.7368 -0.0120128 0.0169107 0.999785 0.535781
0.444142 -0.895823 0.0154555 31.8392 0.895952 0.444126 -0.00462834 60.3133 -0.002718 0.015903 0.99987 0.527661
0.457189 -0.88915 0.019754 32.5679 0.889284 0.45734 0.00366396 61.8047 -0.0122921 0.0158918 0.999798 0.516073
0.485617 -0.873965 0.0190138 33.3536 0.874006 0.485834 0.00890647 63.2151 -0.0170215 0.012293 0.99978 0.560188
0.563277 -0.825986 0.021598 34.4103 0.825944 0.563595 0.0132711 64.7411 -0.0231342 0.0103634 0.999679 0.536445
0.683869 -0.729163 0.0254137 35.5318 0.729054 0.684291 0.0150317 66.0176 -0.0283509 0.00824828 0.999564 0.499249
0.830782 -0.556197 0.0210962 36.7632 0.556037 0.83105 0.0133529 67.015 -0.0249589 0.000636966 0.999688 0.475953
0.964579 -0.262536 0.0257416 38.4952 0.262261 0.964901 0.0135918 67.6075 -0.0284064 -0.00635938 0.999576 0.450085
0.999262 0.0285163 0.0257438 40.4014 -0.0287826 0.999535 0.010031 67.6831 -0.0254458 -0.0107646 0.999618 0.425233
0.968868 0.246295 0.0251719 42.2514 -0.246113 0.969188 -0.0101317 67.3617 -0.0268917 0.00362119 0.999632 0.431002
0.934279 0.356223 0.0151106 43.7633 -0.356299 0.934368 0.00260852 66.9107 -0.0131897 -0.00782098 0.999882 0.367091
0.905691 0.423891 0.00633877 45.5012 -0.423923 0.905684 0.00502973 66.273 -0.00360887 -0.00724254 0.999967 0.356695
0.888596 0.458596 0.00928822 46.821 -0.458598 0.888642 -0.00212156 65.5789 -0.00922684 -0.00237435 0.999955 0.350895
0.876863 0.480726 0.00359758 48.2718 -0.480688 0.876855 -0.00804669 64.8245 -0.00702281 0.00532654 0.999961 0.345477
0.869544 0.49385 0.0021773 49.7705 -0.493817 0.869523 -0.00860573 63.978 -0.00614315 0.00640787 0.999961 0.315973
0.865402 0.501079 3.81637e-05 51.4217 -0.501022 0.865306 -0.0148989 63.0275 -0.00749853 0.0128744 0.999889 0.307479
0.866638 0.498925 -0.00350471 53.1998 -0.498883 0.866416 -0.0209504 61.9527 -0.00741617 0.0199049 0.999774 0.282388
0.870818 0.491587 -0.00422209 54.4953 -0.491546 0.870548 -0.0229881 61.235 -0.00762515 0.0220939 0.999727 0.286234
0.874769 0.484533 -0.00277066 55.8241 -0.484448 0.874476 -0.0245153 60.5205 -0.00945558 0.0227874 0.999696 0.276046
0.878489 0.477759 0.00188065 57.2513 -0.477601 0.878286 -0.0225765 59.7235 -0.0124379 0.018935 0.999743 0.258703
0.882119 0.471027 0.000782868 58.6765 -0.470952 0.882006 -0.0163831 58.9834 -0.00840736 0.0140831 0.999865 0.246894
0.88342 0.468571 -0.00332197 60.1122 -0.468581 0.883374 -0.0090254 58.2848 -0.0012945 0.00952983 0.999954 0.258917
0.882912 0.469537 0.00122653 61.5848 -0.469528 0.882906 -0.00444112 57.5292 -0.00316818 0.00334523 0.999989 0.258241
0.883572 0.468279 0.00390381 63.0103 -0.468273 0.883581 -0.00246549 56.7675 -0.00460387 0.000350395 0.999989 0.277552
0.883458 0.468476 0.00572836 64.5 -0.468496 0.883461 0.00285753 56.0142 -0.00372211 -0.00520822 0.999979 0.292522
0.881529 0.47209 0.00610433 65.8825 -0.472116 0.881528 0.00378355 55.2985 -0.00359497 -0.00621726 0.999974 0.297127
0.877619 0.479214 0.0118056 67.3757 -0.479296 0.877637 0.00530546 54.4971 -0.00781861 -0.0103146 0.999916 0.301663
0.870762 0.491407 0.0170912 68.8511 -0.49159 0.870783 0.0087009 53.7321 -0.010607 -0.0159783 0.999816 0.31897
0.861684 0.507177 0.0164877 70.2313 -0.507363 0.861674 0.010012 52.9415 -0.00912922 -0.0169924 0.999814 0.299549
0.85049 0.52558 0.0207825 71.5813 -0.525878 0.850463 0.0128657 52.1284 -0.0109128 -0.0218712 0.999701 0.306424
0.838371 0.544697 0.0209653 72.9443 -0.544993 0.838349 0.0123956 51.2559 -0.0108244 -0.021818 0.999703 0.334221
0.82652 0.562667 0.0164764 74.2381 -0.562844 0.826512 0.00915015 50.4101 -0.0084695 -0.0168364 0.999822 0.337421
0.815148 0.578904 0.0200779 75.4395 -0.579212 0.815012 0.0163865 49.5343 -0.00687751 -0.0249868 0.999664 0.32068
0.803616 0.594876 0.0179906 76.7652 -0.595117 0.803516 0.0140529 48.6245 -0.00609603 -0.0219996 0.999739 0.375801
0.793773 0.607935 0.0184078 77.9371 -0.608155 0.793753 0.0101381 47.7166 -0.00844791 -0.0192422 0.999779 0.374093
0.786957 0.616747 0.0179155 79.5627 -0.616875 0.787058 0.00212268 46.4596 -0.0127914 -0.0127221 0.999837 0.37875
0.785104 0.619085 0.0185624 80.7319 -0.619229 0.785206 0.00270369 45.5929 -0.0129015 -0.0136171 0.999824 0.372989
0.790221 0.612689 0.0127533 82.2216 -0.612711 0.790303 -0.00258463 44.4735 -0.0116626 -0.00577167 0.999915 0.387287
0.809983 0.586327 0.0121578 83.6339 -0.58638 0.810035 0.0010142 43.3579 -0.00925359 -0.00795057 0.999926 0.408101
0.842737 0.53827 0.00765515 85.032 -0.538306 0.842741 0.003723 42.5651 -0.00444733 -0.00725833 0.999964 0.419881
0.891671 0.452615 0.00791214 86.4315 -0.452672 0.89164 0.00814447 41.8825 -0.00336846 -0.0108438 0.999936 0.396205
0.958706 0.283799 0.0184592 88.4571 -0.283942 0.958825 0.00559596 41.402 -0.0161111 -0.0106062 0.999814 0.415402
0.999256 0.0370683 0.0106489 90.4132 -0.0370949 0.999309 0.00230952 41.296 -0.0105559 -0.00270282 0.999941 0.379221
0.971167 -0.238399 0.000725685 92.2649 0.238396 0.971165 0.00256008 41.6814 -0.00131508 -0.00231326 0.999996 0.336029
0.874248 -0.485167 0.0174326 93.9248 0.485084 0.874421 0.00899158 42.5274 -0.0196058 0.000595405 0.999808 0.351881
0.765451 -0.643318 0.0150642 95.3368 0.643002 0.765572 0.0211784 43.622 -0.0251571 -0.00652471 0.999662 0.377453
0.71586 -0.698034 0.0170985 96.3156 0.697829 0.716064 0.0169365 44.6027 -0.0240659 -0.000192368 0.99971 0.306876
0.695851 -0.71813 0.00900874 97.3627 0.717812 0.695839 0.0235512 45.7222 -0.0231814 -0.00992154 0.999682 0.327441
0.695955 -0.718085 -0.000796888 98.4964 0.717944 0.695796 0.0205744 46.9139 -0.0142197 -0.014891 0.999788 0.27926
0.70571 -0.708451 -0.00842136 99.6996 0.708481 0.705552 0.015816 48.1651 -0.00526319 -0.0171279 0.999839 0.267006
0.716366 -0.697724 0.00020602 101.005 0.697502 0.716146 0.0250025 49.4971 -0.0175924 -0.0177672 0.999687 0.219209
0.720856 -0.693047 0.00717838 102.45 0.692792 0.720814 0.0216071 50.8302 -0.0201491 -0.0106025 0.999741 0.166023
0.718317 -0.695697 -0.00520536 103.917 0.6957 0.718229 0.012181 52.288 -0.00473564 -0.0123712 0.999912 0.15896
0.715435 -0.698679 -0.000894805 104.933 0.698523 0.715247 0.0220618 53.3199 -0.0147741 -0.0164088 0.999756 0.107457
0.711978 -0.702162 0.00743493 105.982 0.701952 0.711967 0.0191436 54.3684 -0.0187354 -0.00841087 0.999789 0.104311
0.70799 -0.706223 0.000450574 107.065 0.706139 0.707916 0.0149277 55.495 -0.0108612 -0.0102505 0.999888 0.113026
0.701858 -0.712314 -0.00221815 108.142 0.712283 0.701789 0.0120489 56.5799 -0.00702591 -0.0100366 0.999925 0.102463
0.697317 -0.716758 -0.00264484 109.297 0.716661 0.697151 0.0194511 57.74 -0.0120979 -0.015459 0.999807 0.0679865
0.696337 -0.717677 0.00745264 110.445 0.717546 0.696361 0.0144532 58.9232 -0.0155625 -0.00471671 0.999868 0.0356435
0.695558 -0.718416 0.00878667 111.584 0.718287 0.695605 0.0140763 60.118 -0.0162247 -0.00347957 0.999862 0.0146151
0.696403 -0.717609 -0.00773588 112.742 0.717556 0.696096 0.023741 61.3232 -0.0116518 -0.0220842 0.999688 -0.0190922
0.70084 -0.713255 -0.00957343 113.921 0.713185 0.700385 0.0287566 62.5846 -0.0138057 -0.0269814 0.999541 -0.0303056
0.704571 -0.709584 -0.00837056 115.098 0.709527 0.704213 0.0255992 63.8201 -0.0122701 -0.0239756 0.999637 -0.0306723
0.706145 -0.708064 -0.0020852 116.307 0.707981 0.70601 0.0177083 64.9992 -0.0110664 -0.0139809 0.999841 -0.0368724
0.707313 -0.7069 -0.00100062 117.545 0.706773 0.707157 0.0200023 66.2257 -0.013432 -0.0148551 0.999799 -0.00660896
0.709741 -0.704462 0.000842907 118.749 0.704103 0.709417 0.0310917 67.4464 -0.0225009 -0.0214736 0.999516 -0.0310142
0.710576 -0.703597 -0.00568683 119.933 0.70361 0.710497 0.0112894 68.6378 -0.00390272 -0.0120233 0.99992 -0.0583322
0.709195 -0.704997 -0.00465448 121.144 0.705002 0.709134 0.0100604 69.8437 -0.00379191 -0.0104162 0.999939 -0.0213439
0.707125 -0.706731 0.0224718 122.376 0.70611 0.707461 0.030118 71.0491 -0.0371833 -0.00542966 0.999294 -0.0286391
0.706196 -0.708001 0.0046481 123.511 0.707836 0.706149 0.0179278 72.2372 -0.0159751 -0.00937043 0.999829 -0.0579975
0.703746 -0.710444 -0.00328987 124.688 0.710424 0.703672 0.0119414 73.406 -0.00616871 -0.0107409 0.999923 -0.0727243
0.699127 -0.714994 -0.00199498 125.825 0.714954 0.699052 0.0129062 74.62 -0.00783329 -0.0104494 0.999915 -0.0927005
0.69415 -0.719814 -0.00484353 126.937 0.719807 0.694059 0.0126046 75.8127 -0.00571123 -0.0122359 0.999909 -0.0675793
0.691227 -0.722603 -0.00709552 128.062 0.722603 0.691063 0.0166325 76.9808 -0.00711526 -0.0166241 0.999837 -0.0680306
0.688972 -0.724771 -0.00506059 129.161 0.724714 0.688784 0.0191459 78.1814 -0.0103908 -0.0168585 0.999804 -0.106988
0.684516 -0.728997 2.46465e-05 130.255 0.728975 0.684496 0.00778101 79.3605 -0.00568921 -0.00530826 0.99997 -0.0909936
0.674585 -0.738197 0.000249119 131.382 0.738159 0.674555 0.00983195 80.5521 -0.00742596 -0.0064486 0.999952 -0.060987
0.665927 -0.745896 0.0134408 132.456 0.745618 0.666052 0.0206793 81.7691 -0.0243769 -0.00374923 0.999696 -0.0454934
0.659808 -0.751315 0.0133914 133.484 0.751027 0.659932 0.021165 82.9624 -0.024739 -0.00390751 0.999686 -0.0722759
0.649813 -0.760069 0.00612571 134.533 0.760049 0.649841 0.0056834 84.193 -0.00830051 0.000962693 0.999965 -0.10949
0.639571 -0.768732 0.000248417 135.577 0.768664 0.639519 0.0130669 85.4324 -0.0102038 -0.00816627 0.999915 -0.118124
0.624853 -0.780727 -0.00488603 136.586 0.780713 0.624763 0.0125939 86.7321 -0.00677982 -0.011684 0.999909 -0.109314
0.611785 -0.790998 -0.00644509 137.581 0.791013 0.611712 0.0103651 88.0349 -0.00425628 -0.0114394 0.999926 -0.142492
0.598165 -0.801373 -0.000379145 138.586 0.8012 0.598025 0.021093 89.3786 -0.0166766 -0.0129209 0.999777 -0.145164
0.58714 -0.809482 0.00227523 139.502 0.809178 0.586992 0.0259141 90.671 -0.0223125 -0.0133741 0.999662 -0.145216
0.580191 -0.814474 -0.00314604 140.447 0.814328 0.580003 0.0215893 92.0317 -0.0157592 -0.0150878 0.999762 -0.160689
0.574974 -0.81807 -0.0128551 141.373 0.818142 0.57475 0.0174955 93.4027 -0.00692406 -0.0205768 0.999764 -0.196734
0.569927 -0.821515 -0.0172147 142.296 0.821563 0.569333 0.0299144 94.7536 -0.0147742 -0.0311919 0.999404 -0.178011
0.563924 -0.825736 -0.0122073 143.249 0.825428 0.563131 0.0394039 96.0888 -0.0256629 -0.0322971 0.999149 -0.234788
0.554062 -0.832475 -0.000763666 144.116 0.832402 0.554001 0.013768 97.4074 -0.0110384 -0.00826399 0.999905 -0.220408
0.541967 -0.840348 -0.00935309 145.024 0.840218 0.541585 0.0268003 98.8336 -0.017456 -0.0223835 0.999597 -0.262916
0.530074 -0.847906 0.00881593 145.911 0.847608 0.530126 0.0229532 100.267 -0.0241357 -0.00469442 0.999698 -0.2426
0.520483 -0.853566 0.0228644 146.772 0.85366 0.520764 0.00833498 101.664 -0.0190214 0.0151802 0.999704 -0.2119
0.508606 -0.860858 0.0156103 147.696 0.860974 0.508646 -0.00157017 103.116 -0.0065884 0.0142386 0.999877 -0.311589
0.498318 -0.866965 0.00719771 148.482 0.866728 0.498353 0.0206321 104.545 -0.0214743 -0.00404288 0.999761 -0.304734
0.490582 -0.871145 0.0208695 149.294 0.870874 0.490976 0.0228128 106.015 -0.0301197 0.0069832 0.999522 -0.333195
0.485811 -0.874056 0.00370577 150.063 0.874027 0.485825 0.0070815 107.539 -0.00798999 -0.000201326 0.999968 -0.288293
0.48259 -0.875841 -0.00301086 150.89 0.875816 0.482542 0.0100332 109.048 -0.00733461 -0.00747887 0.999945 -0.293535
0.482438 -0.875912 0.00559704 151.719 0.875671 0.482441 0.0212297 110.44 -0.0212956 -0.00534082 0.999759 -0.314134
0.479758 -0.877239 0.0168423 152.479 0.877267 0.479932 0.00826051 111.944 -0.0153296 0.0108121 0.999824 -0.324381
0.476725 -0.878999 0.00970589 153.346 0.879052 0.476697 -0.00512729 113.432 -0.000119886 0.0109763 0.99994 -0.33957
0.473494 -0.880796 -0.00123907 154.169 0.880686 0.473412 0.0165268 114.99 -0.0139701 -0.00891656 0.999863 -0.340629
0.47149 -0.88171 0.0168884 154.926 0.881753 0.471654 0.00735299 116.483 -0.0144487 0.0114246 0.99983 -0.30911
0.471948 -0.881625 0.00142151 155.681 0.881591 0.471943 0.00819103 117.971 -0.00789229 -0.00261254 0.999965 -0.32829
0.470971 -0.882134 -0.00520417 156.447 0.882042 0.470814 0.0183207 119.487 -0.0137111 -0.0132188 0.999819 -0.348392
0.470611 -0.882261 -0.0118279 157.217 0.882187 0.470237 0.0249467 120.936 -0.0164476 -0.0221746 0.999619 -0.332918
0.469164 -0.882939 -0.0174342 157.976 0.883076 0.468877 0.0182087 122.356 -0.00790267 -0.0239386 0.999682 -0.36389
0.466565 -0.884107 -0.0259269 158.73 0.884348 0.465771 0.0313957 123.803 -0.0156811 -0.0375766 0.999171 -0.450502
0.463963 -0.885816 -0.00829031 159.447 0.885414 0.463417 0.0358686 125.249 -0.0279311 -0.0239821 0.999322 -0.396416
0.465151 -0.885195 -0.00800183 160.496 0.885174 0.464999 0.0155513 127.135 -0.0100451 -0.0143167 0.999847 -0.366457
0.472295 -0.881368 -0.0113184 161.456 0.881437 0.47222 0.00878564 128.945 -0.00239861 -0.0141259 0.999897 -0.396374
0.488334 -0.872585 -0.0112026 162.416 0.872459 0.48791 0.0275475 130.755 -0.0185716 -0.0232262 0.999558 -0.401776
0.506184 -0.86226 -0.0169226 163.379 0.862425 0.506058 0.0113608 132.392 -0.00123217 -0.0203451 0.999792 -0.401347
0.523464 -0.851795 -0.0207532 164.354 0.85204 0.523196 0.0171684 134.109 -0.00376599 -0.0266696 0.999637 -0.395854
0.536186 -0.844098 -0.00169005 165.422 0.844023 0.53611 0.0145242 135.716 -0.0113538 -0.0092141 0.999893 -0.364243
0.536275 -0.844032 -0.00430893 166.44 0.843879 0.536063 0.0224527 137.4 -0.016641 -0.0156771 0.999739 -0.411044
0.534741 -0.844759 -0.0208567 167.436 0.845004 0.534439 0.0185244 139.015 -0.00450202 -0.0275297 0.999611 -0.446532
0.526052 -0.850262 -0.0180156 168.486 0.850451 0.525968 0.00948755 140.715 0.00140872 -0.0203123 0.999793 -0.394822
0.515654 -0.856796 0.000838278 169.574 0.85618 0.51532 0.0374424 142.461 -0.0325125 -0.0185896 0.999299 -0.40352
0.507899 -0.861383 -0.00764439 170.632 0.861288 0.507649 0.0217993 144.257 -0.0148969 -0.0176559 0.999733 -0.458276
0.504333 -0.863425 0.012075 171.749 0.863278 0.504472 0.0160892 146.051 -0.0199833 0.00230976 0.999798 -0.475058
0.501716 -0.864766 0.0214457 172.788 0.864887 0.501932 0.00586039 147.855 -0.0158321 0.0156078 0.999753 -0.486386
0.499557 -0.86586 0.0270075 173.863 0.866028 0.499922 0.00858501 149.67 -0.0209351 0.0191006 0.999598 -0.510719
0.499404 -0.865888 0.0288775 174.852 0.866229 0.499646 0.00135185 151.393 -0.0155991 0.0243394 0.999582 -0.538513
0.499987 -0.865897 0.0153576 175.871 0.866028 0.499965 -0.00551887 153.193 -0.00289949 0.0160595 0.999867 -0.529912
0.49961 -0.865771 0.0288148 176.856 0.866027 0.499961 0.00611271 154.886 -0.0196985 0.0219004 0.999566 -0.492899
0.492187 -0.869548 0.0404825 177.756 0.870118 0.492803 0.00630353 156.467 -0.0254311 0.032122 0.99916 -0.522367
0.465116 -0.884628 0.0331738 178.475 0.885116 0.465371 -3.34676e-05 157.858 -0.0154085 0.0293782 0.99945 -0.55742
0.40717 -0.912409 0.0414937 179.112 0.913256 0.407367 -0.00397183 159.286 -0.0132792 0.0395116 0.999131 -0.549033
0.283153 -0.95831 0.0382946 179.564 0.959037 0.283271 -0.00242402 161.201 -0.00852478 0.0374123 0.999264 -0.508535
0.090756 -0.995856 0.00580109 179.638 0.995872 0.0907475 -0.00170368 163.108 0.00117019 0.00593177 0.999982 -0.479247
-0.138211 -0.990158 -0.0220109 179.33 0.990397 -0.138251 0.000308718 164.836 -0.00334871 -0.0217569 0.999758 -0.518953
-0.356247 -0.93302 -0.0506032 178.666 0.933459 -0.357788 0.0253201 166.388 -0.0417294 -0.0382158 0.998398 -0.548361
-0.561249 -0.826928 -0.0344919 177.781 0.826768 -0.562086 0.0226548 167.737 -0.0381213 -0.0158018 0.999148 -0.595137
-0.723414 -0.689636 -0.032768 176.603 0.689595 -0.724053 0.0143504 168.915 -0.0336223 -0.0122153 0.99936 -0.665951
-0.818871 -0.57317 -0.0304258 175.049 0.573192 -0.819373 0.00887525 169.969 -0.0300171 -0.0101721 0.999498 -0.731011
-0.856501 -0.515343 -0.028761 173.775 0.515506 -0.856884 0.00200721 170.796 -0.0256792 -0.0131073 0.999584 -0.739363
-0.871756 -0.489021 -0.02999 172.347 0.489408 -0.872028 -0.00680604 171.54 -0.0228238 -0.0206106 0.999527 -0.813765
-0.87554 -0.482303 -0.0285254 170.688 0.482649 -0.875791 -0.00637181 172.453 -0.0219091 -0.0193465 0.999573 -0.839328
-0.87358 -0.485892 -0.0276955 168.873 0.486228 -0.873807 -0.00662175 173.386 -0.0209831 -0.019251 0.999595 -0.894724
-0.871311 -0.490201 -0.0228102 166.938 0.490443 -0.871451 -0.00619428 174.5 -0.0168415 -0.0165842 0.999721 -0.92749
-0.870332 -0.49196 -0.0223114 165.509 0.492171 -0.870485 -0.00489168 175.293 -0.0170152 -0.0152384 0.999739 -0.940563
-0.868916 -0.494561 -0.0198577 164.093 0.494659 -0.869087 -1.99688e-05 176.073 -0.0172482 -0.00984013 0.999803 -0.979039
-0.867374 -0.497251 -0.0201098 162.563 0.497326 -0.867563 0.00146026 176.961 -0.0181726 -0.00873453 0.999797 -0.999235
-0.86679 -0.497889 -0.0279612 160.991 0.497959 -0.867187 0.00489354 177.831 -0.026684 -0.00968184 0.999597 -1.0276
-0.86682 -0.497984 -0.0252145 159.474 0.497952 -0.867168 0.00798003 178.704 -0.0258391 -0.00563833 0.99965 -1.05417
-0.868548 -0.495205 -0.0199172 157.91 0.49519 -0.868764 0.00602222 179.592 -0.0202856 -0.00463223 0.999784 -1.09824
-0.871005 -0.490419 -0.028964 156.342 0.490289 -0.871478 0.0119373 180.464 -0.0310958 -0.00380329 0.999509 -1.14816
-0.87479 -0.483568 -0.0300862 154.875 0.48326 -0.875307 0.0172571 181.266 -0.0346796 0.000556862 0.999398 -1.168
-0.877627 -0.478651 -0.0257526 153.309 0.478393 -0.878003 0.0158153 182.114 -0.0301809 0.00156003 0.999543 -1.1951
-0.879239 -0.475829 -0.0229318 151.788 0.475546 -0.879529 0.0168658 182.971 -0.0281944 0.00392397 0.999595 -1.25281
-0.880153 -0.474083 -0.0240077 150.239 0.474064 -0.880464 0.00685855 183.768 -0.0243894 -0.00534461 0.999688 -1.26917
-0.880018 -0.474371 -0.02327 148.7 0.474525 -0.880241 -0.00125518 184.58 -0.0198878 -0.0121468 0.999728 -1.26825
-0.878248 -0.477579 -0.0244571 147.177 0.477754 -0.878492 -0.00154953 185.398 -0.0207454 -0.0130454 0.9997 -1.29711
-0.875749 -0.481947 -0.0281298 145.682 0.48227 -0.876004 -0.0056947 186.205 -0.0218973 -0.0185533 0.999588 -1.32421
-0.874157 -0.485102 -0.022912 144.275 0.485054 -0.874448 0.0080144 187.022 -0.0239231 -0.0041077 0.999705 -1.3302
-0.872358 -0.488279 -0.0239989 142.803 0.488391 -0.872624 0.00131235 187.831 -0.0215828 -0.010576 0.999711 -1.36975
-0.87198 -0.488951 -0.0240547 141.333 0.488903 -0.872299 0.00820704 188.685 -0.0249957 -0.00460403 0.999677 -1.38255
-0.873093 -0.487053 -0.0220707 139.914 0.486619 -0.873328 0.0223574 189.42 -0.0301642 0.00878002 0.999506 -1.32954
-0.875713 -0.482503 -0.0178333 138.469 0.482077 -0.875811 0.0235922 190.193 -0.0270019 0.012063 0.999563 -1.40773
-0.879699 -0.475083 -0.0206214 137.099 0.474975 -0.879941 0.0101585 190.94 -0.0229718 -0.000858202 0.999736 -1.47487
-0.88394 -0.466719 -0.0287051 135.7 0.466995 -0.884253 -0.00340049 191.684 -0.0237955 -0.016411 0.999582 -1.56361
-0.888664 -0.457422 -0.0322654 134.183 0.457736 -0.889084 -0.0026757 192.418 -0.0274627 -0.0171468 0.999476 -1.54331
-0.891112 -0.452317 -0.0364575 132.819 0.452831 -0.891569 -0.00689114 193.105 -0.0293874 -0.0226499 0.999311 -1.57072
-0.892971 -0.448585 -0.0370777 131.427 0.449255 -0.893326 -0.011825 193.798 -0.0278179 -0.0272167 0.999242 -1.59457
-0.893273 -0.447896 -0.0380996 129.462 0.448585 -0.893666 -0.0115235 194.726 -0.028887 -0.0273846 0.999208 -1.63883
-0.892281 -0.449524 -0.0419861 127.525 0.450491 -0.892621 -0.016889 195.641 -0.0298856 -0.033984 0.998975 -1.69371
-0.888107 -0.457358 -0.0457174 125.758 0.458628 -0.88835 -0.0222558 196.54 -0.0304342 -0.0407328 0.998707 -1.72316
-0.883941 -0.465605 -0.0431263 124.164 0.466784 -0.884081 -0.0226593 197.408 -0.0275768 -0.0401601 0.998813 -1.73416
-0.878346 -0.475884 -0.0451835 122.614 0.477242 -0.878389 -0.0259491 198.215 -0.0273398 -0.0443558 0.998642 -1.75261
-0.871617 -0.48807 -0.0455196 121.29 0.48943 -0.871671 -0.0254536 198.995 -0.027255 -0.0444645 0.998639 -1.7891
-0.861308 -0.505437 -0.0517845 119.737 0.50709 -0.861517 -0.0254574 199.904 -0.0317461 -0.0481861 0.998334 -1.81363
-0.849386 -0.525621 -0.0475995 118.444 0.526973 -0.849605 -0.0216887 200.718 -0.0290408 -0.0435057 0.998631 -1.83483
-0.836062 -0.546839 -0.0443457 117.203 0.547903 -0.836388 -0.0160291 201.55 -0.0283249 -0.0376985 0.998888 -1.84856
-0.826506 -0.562482 -0.0224026 116.003 0.562917 -0.826085 -0.0266137 202.348 -0.0035367 -0.0346071 0.999395 -1.888
-0.770811 -0.63665 -0.0229602 114.761 0.637062 -0.770227 -0.0300388 203.234 0.00143961 -0.0377813 0.999285 -1.88352
-0.649238 -0.760334 -0.0195586 113.717 0.760585 -0.649053 -0.015522 204.385 -0.00089263 -0.0249535 0.999688 -1.89661
-0.448778 -0.893077 -0.0318135 112.85 0.893597 -0.448831 -0.00584461 205.735 -0.00905921 -0.0310514 0.999477 -1.85032
-0.162698 -0.986476 -0.0198521 112.472 0.986665 -0.162571 -0.00786838 207.485 0.00453459 -0.0208676 0.999772 -1.88679
0.148368 -0.98889 -0.0091686 112.653 0.988927 0.148392 -0.00197526 209.732 0.00331386 -0.00877401 0.999956 -1.88237
0.340254 -0.9403 -0.00790595 113.218 0.940253 0.340323 -0.0102441 211.796 0.0123232 -0.00394798 0.999916 -1.83681
0.430372 -0.902641 -0.00437542 113.99 0.902605 0.430394 -0.00813346 213.487 0.00922475 -0.000448866 0.999957 -1.82827
0.477788 -0.878473 -0.00215965 114.864 0.87844 0.47779 -0.00773956 215.204 0.00783085 0.00180075 0.999968 -1.78231
0.499787 -0.866148 0.00101027 115.873 0.866083 0.499734 -0.0129315 216.981 0.0106958 0.00733798 0.999916 -1.79017
0.50533 -0.86292 0.00338958 116.611 0.862849 0.505228 -0.0153555 218.225 0.0115381 0.0106843 0.999876 -1.75739
0.507887 -0.861423 -0.000972908 117.351 0.861375 0.507869 -0.0100852 219.508 0.00918178 0.00428413 0.999949 -1.7128
0.508754 -0.86091 0.00204918 118.153 0.860883 0.508715 -0.00947983 220.872 0.00711884 0.006587 0.999953 -1.70814
0.504872 -0.863172 0.00617102 118.94 0.86314 0.504746 -0.0148442 222.217 0.00969835 0.0128209 0.999871 -1.71995
0.503196 -0.864171 0.00166462 119.788 0.863989 0.503048 -0.0215837 223.7 0.0178146 0.012299 0.999766 -1.70602
0.502586 -0.864511 -0.00522853 120.616 0.864393 0.502605 -0.014611 225.156 0.0152592 0.00282376 0.99988 -1.65718
0.503605 -0.863907 0.0068436 121.548 0.863933 0.503599 -0.00269285 226.742 -0.00112006 0.00726854 0.999973 -1.63781
0.501862 -0.864782 0.016916 122.465 0.86493 0.501632 -0.016149 228.318 0.00547971 0.0227357 0.999727 -1.63253
0.499612 -0.866184 0.0105882 123.388 0.866063 0.499214 -0.0268376 229.921 0.0179606 0.0225784 0.999584 -1.62997
0.498486 -0.866875 0.00630734 124.315 0.866711 0.498214 -0.0243903 231.569 0.018001 0.0176249 0.999683 -1.56502
0.497952 -0.867145 0.0101144 125.289 0.867166 0.497787 -0.0151995 233.284 0.00814536 0.0163395 0.999833 -1.55005
0.498743 -0.866603 0.0159528 126.3 0.866744 0.498589 -0.0127785 235.047 0.00311998 0.0202002 0.999791 -1.50301
0.498427 -0.866831 0.0131916 127.329 0.866867 0.498147 -0.0197737 236.824 0.0105691 0.0212911 0.999717 -1.51269
0.497007 -0.867647 0.0131389 128.361 0.867639 0.496652 -0.0232167 238.659 0.0136185 0.0229387 0.999644 -1.46144
0.494698 -0.868892 0.0173547 129.355 0.869032 0.494408 -0.0185447 240.392 0.00753301 0.0242558 0.999677 -1.41992
0.491138 -0.870714 0.0252986 130.381 0.87102 0.49055 -0.0261886 242.23 0.0103926 0.0348978 0.999337 -1.44001
0.487614 -0.872875 0.0179335 131.411 0.872854 0.486951 -0.0317097 244.106 0.0189458 0.0311154 0.999336 -1.38822
0.485337 -0.874198 0.0150239 132.408 0.874176 0.484862 -0.0269184 245.936 0.0162475 0.0261981 0.999525 -1.27521
0.482574 -0.875794 0.010333 133.435 0.875828 0.482432 -0.0135801 247.834 0.0069084 0.0156033 0.999854 -1.20451
0.481095 -0.876516 0.0163734 134.437 0.876639 0.480843 -0.0171382 249.689 0.00714892 0.0225987 0.999719 -1.1311
0.481917 -0.876043 0.0174681 135.424 0.876139 0.481511 -0.0229704 251.533 0.011712 0.0263744 0.999584 -1.09813
0.481275 -0.876515 0.00981763 136.4 0.876401 0.480933 -0.0249918 253.342 0.0171841 0.0206321 0.999639 -1.0315
0.482459 -0.875902 0.00536661 137.398 0.875817 0.482301 -0.0181456 255.196 0.0133055 0.0134547 0.999821 -0.965873
0.482843 -0.875677 0.00726347 138.367 0.875647 0.482697 -0.0156968 256.963 0.0102392 0.0139393 0.99985 -0.945809
0.483288 -0.875408 0.00969667 139.345 0.875453 0.483208 -0.00954874 258.764 0.00367353 0.0131038 0.999907 -0.912454
0.483583 -0.875203 0.0129547 140.317 0.875282 0.483432 -0.0132249 260.578 0.00531173 0.0177343 0.999829 -0.873344
0.484459 -0.874809 0.00298348 141.276 0.874713 0.484349 -0.0168529 262.387 0.013298 0.0107742 0.999854 -0.851884
0.484796 -0.874627 0.000820072 142.21 0.87447 0.484691 -0.0194053 264.126 0.0165749 0.0101248 0.999811 -0.786488
0.484776 -0.874625 -0.00482193 143.248 0.874527 0.484795 -0.013271 266.022 0.0139448 0.00221656 0.9999 -0.741936
0.48428 -0.874913 -0.000451824 144.212 0.874839 0.484246 -0.0127386 267.811 0.011364 0.00577378 0.999919 -0.686968
0.485442 -0.874261 -0.00364659 145.18 0.874193 0.48545 -0.0112042 269.553 0.0115656 0.00225116 0.999931 -0.668294
0.487283 -0.873239 -0.00276208 146.248 0.873169 0.487281 -0.0115753 271.491 0.0114539 0.00322868 0.999929 -0.615435
0.488412 -0.872613 0.000354251 147.246 0.872548 0.48837 -0.0124163 273.285 0.0106616 0.00637337 0.999923 -0.586864
0.489175 -0.872181 -0.00294169 148.292 0.872042 0.489152 -0.0164842 275.127 0.0158161 0.00549838 0.99986 -0.548252
0.488789 -0.872389 -0.0047628 149.343 0.872207 0.488788 -0.0184419 277.07 0.0184165 0.00486006 0.999819 -0.501666
0.489148 -0.872201 0.000437766 150.385 0.872152 0.489115 -0.0107819 278.946 0.00918987 0.00565575 0.999942 -0.495778
0.489231 -0.872154 6.33113e-05 151.416 0.872135 0.48922 -0.00667054 280.812 0.00578677 0.00331865 0.999978 -0.453151
0.489278 -0.872111 0.00533446 152.477 0.872085 0.489185 -0.012854 282.725 0.00860055 0.0109413 0.999903 -0.425445
0.489209 -0.872142 0.00657511 153.512 0.872087 0.489049 -0.0171479 284.6 0.0117398 0.014123 0.999831 -0.390737
0.48842 -0.8726 0.0039624 154.533 0.872554 0.488334 -0.013374 286.415 0.0097352 0.00998956 0.999903 -0.328081
0.487461 -0.872966 0.0176747 155.598 0.873142 0.487308 -0.0124324 288.321 0.00224002 0.0214928 0.999767 -0.274141
0.486621 -0.873309 0.0230475 156.624 0.873581 0.486208 -0.0214061 290.175 0.00748827 0.0305506 0.999505 -0.252229
0.486927 -0.87322 0.0197296 157.602 0.873379 0.486494 -0.0230791 291.935 0.0105548 0.0284693 0.999539 -0.228938
0.484269 -0.874482 0.0276613 158.592 0.874913 0.483907 -0.0190039 293.762 0.00323306 0.0334042 0.999437 -0.189903
0.483064 -0.875088 0.0294907 159.558 0.875584 0.482824 -0.0152636 295.476 -0.000881804 0.0331949 0.999449 -0.125247
0.481135 -0.876158 0.0292445 160.486 0.876646 0.48086 -0.0162727 297.164 0.000194946 0.0334664 0.99944 -0.103037
0.478847 -0.877518 0.0258301 161.411 0.877889 0.478504 -0.0185416 298.872 0.0039108 0.0315546 0.999494 -0.0653355
0.478417 -0.877838 0.02275 162.334 0.878126 0.478152 -0.0162982 300.546 0.00342919 0.0277747 0.999608 -0.00146246
0.476933 -0.878736 0.0189107 163.185 0.878933 0.476736 -0.0141061 302.203 0.00338014 0.023349 0.999722 0.0497015
0.477473 -0.878427 0.0196135 164.037 0.87862 0.477167 -0.0184114 303.788 0.00681419 0.0260237 0.999638 0.0775428
0.48071 -0.876711 0.0171693 164.892 0.87686 0.480476 -0.0160894 305.329 0.00585627 0.0227894 0.999723 0.115246
0.483382 -0.875267 0.0158088 165.658 0.875391 0.483175 -0.0152297 306.711 0.00569166 0.0212007 0.999759 0.129606
0.48623 -0.873621 0.0191345 166.441 0.87383 0.486083 -0.01201 308.139 0.00119124 0.0225599 0.999745 0.166817
0.489236 -0.871835 0.0235145 167.189 0.87214 0.489188 -0.00812681 309.464 -0.00441776 0.0244839 0.99969 0.179132
0.493135 -0.869515 0.0275825 168.138 0.869938 0.492698 -0.0213398 311.189 0.00496541 0.0345185 0.999392 0.209146
0.496123 -0.868033 0.0195261 169.077 0.868231 0.495828 -0.0181567 312.797 0.00607906 0.0259611 0.999645 0.227466
0.490499 -0.871108 0.0241045 169.826 0.871441 0.490276 -0.0148487 314.159 0.00111699 0.028289 0.999599 0.267452
0.470053 -0.882567 0.0111728 170.532 0.882558 0.469802 -0.0194096 315.439 0.0118813 0.0189841 0.999749 0.292082
0.402722 -0.915288 0.00791993 171.264 0.915221 0.402533 -0.0183844 317.146 0.013639 0.0146523 0.9998 0.324167
0.269178 -0.963046 0.00925909 171.689 0.963045 0.269059 -0.0123116 318.862 0.00936541 0.0122309 0.999881 0.382235
0.0254356 -0.999676 -0.00118731 171.672 0.999649 0.025426 0.0074586 320.99 -0.00742599 -0.00137661 0.999972 0.398897
-0.210584 -0.977571 -0.00317347 171.32 0.977386 -0.210606 0.0190145 322.823 -0.0192564 0.000902437 0.999814 0.363889
-0.455255 -0.890238 0.0148399 170.534 0.89014 -0.454707 0.0298703 324.618 -0.0198439 0.0268082 0.999444 0.351008
-0.629135 -0.777061 0.0190828 169.614 0.777281 -0.628785 0.0215147 325.803 -0.00471925 0.0283684 0.999586 0.292193
-0.771352 -0.636296 0.0119382 168.395 0.636302 -0.770746 0.0327077 326.8 -0.0116105 0.0328255 0.999394 0.425563
-0.854496 -0.519251 -0.0146764 166.955 0.519102 -0.854615 0.0129238 327.555 -0.0192534 0.00342479 0.999809 0.358757
-0.888708 -0.457547 -0.0291441 165.41 0.457422 -0.889179 0.0111977 328.246 -0.0310378 -0.00337967 0.999512 0.32747
-0.897077 -0.441726 -0.0114317 163.785 0.441821 -0.897069 -0.00779685 328.963 -0.00681092 -0.0120451 0.999904 0.258823
-0.893918 -0.448107 -0.0105253 161.984 0.448153 -0.893954 -0.0023002 329.838 -0.00837837 -0.00677312 0.999942 0.24845
-0.89127 -0.453259 -0.0139472 159.992 0.453362 -0.891311 -0.00519127 330.812 -0.0100783 -0.01095 0.999889 0.255321
-0.885085 -0.465168 -0.0155804 158.017 0.46536 -0.885036 -0.0123327 331.818 -0.00805244 -0.018166 0.999803 0.243607
-0.880842 -0.472905 -0.0218563 156.59 0.473204 -0.880881 -0.0112313 332.567 -0.0139414 -0.0202355 0.999698 0.249191
-0.877509 -0.479075 -0.0215502 155.121 0.479345 -0.877575 -0.0095001 333.316 -0.0143607 -0.0186664 0.999723 0.228002
-0.874144 -0.485265 -0.019753 153.609 0.485514 -0.874165 -0.0105097 334.139 -0.0121674 -0.0187773 0.99975 0.21923
-0.871101 -0.490188 -0.0299703 152.101 0.490621 -0.871327 -0.00890774 334.985 -0.0217474 -0.0224636 0.999511 0.204972
-0.867881 -0.495635 -0.0335893 150.508 0.495968 -0.868339 -0.00182446 335.885 -0.0282626 -0.0182426 0.999434 0.156045
-0.86579 -0.49986 -0.0233949 148.902 0.49991 -0.866068 0.00407897 336.796 -0.0223005 -0.00816379 0.999718 0.122493
-0.8655 -0.500406 -0.0224385 147.359 0.500548 -0.865708 -0.000823741 337.685 -0.019013 -0.0119445 0.999748 0.101918
-0.865771 -0.499842 -0.024461 145.689 0.499999 -0.866026 -0.000355076 338.659 -0.0210064 -0.0125379 0.999701 0.0611966
-0.866908 -0.497591 -0.0295621 144.157 0.497948 -0.867188 -0.00577032 339.549 -0.0227646 -0.0197227 0.999546 0.0635855
-0.867756 -0.496026 -0.0309406 142.519 0.496387 -0.868088 -0.00482165 340.47 -0.0244675 -0.0195425 0.99951 0.0469446
-0.868995 -0.494057 -0.0274594 140.87 0.494301 -0.869287 -0.00247816 341.375 -0.0226458 -0.0157267 0.99962 0.0394235
-0.87162 -0.489557 -0.0247432 139.341 0.489766 -0.871849 -0.00284227 342.221 -0.0201809 -0.0145958 0.99969 0.0581751
-0.875136 -0.482789 -0.0324265 137.678 0.483076 -0.875578 -0.00117252 343.107 -0.0278259 -0.0166906 0.999473 0.0342226
-0.878545 -0.476669 -0.0307418 136.066 0.476824 -0.878995 0.00255316 343.971 -0.0282389 -0.0124154 0.999524 0.0309088
-0.880979 -0.47228 -0.0287639 134.467 0.472703 -0.881166 -0.00987885 344.81 -0.0206802 -0.0222998 0.999537 -0.00457215
-0.882058 -0.470482 -0.0249075 132.924 0.470702 -0.882285 -0.00348416 345.611 -0.0203363 -0.0147972 0.999684 -0.0282843
-0.881964 -0.470154 -0.0330868 131.413 0.470705 -0.882222 -0.0110327 346.44 -0.0240028 -0.0253046 0.999392 -0.0941966
-0.879907 -0.474009 -0.0328562 129.787 0.474711 -0.879956 -0.0180849 347.288 -0.0203396 -0.0315102 0.999296 -0.115649
-0.876296 -0.480365 -0.0368107 128.159 0.481267 -0.876317 -0.0212055 348.137 -0.0220715 -0.0362981 0.999097 -0.121765
-0.871072 -0.489555 -0.0396282 126.579 0.490525 -0.871204 -0.019692 349.001 -0.0248839 -0.0365918 0.99902 -0.165722
-0.866464 -0.497681 -0.0394251 125.071 0.498644 -0.866585 -0.0196229 349.862 -0.0243993 -0.0366616 0.99903 -0.195174
-0.861174 -0.506867 -0.0382704 123.582 0.507806 -0.861231 -0.0203742 350.738 -0.0226326 -0.0369797 0.99906 -0.235918
-0.85604 -0.515724 -0.0349862 122.07 0.516606 -0.855895 -0.0237261 351.619 -0.0177084 -0.0383846 0.999106 -0.26057
-0.851082 -0.523706 -0.037307 120.55 0.524617 -0.851085 -0.0207563 352.515 -0.0208812 -0.0372372 0.999088 -0.265253
-0.845682 -0.532184 -0.0400366 119.079 0.533165 -0.845793 -0.0192339 353.42 -0.0236267 -0.0376118 0.999013 -0.327008
-0.842363 -0.53753 -0.038546 117.649 0.538287 -0.842672 -0.0122463 354.364 -0.025899 -0.0310646 0.999182 -0.370363
-0.840272 -0.541164 -0.0329346 116.277 0.541709 -0.840506 -0.0100471 355.263 -0.0222446 -0.0262833 0.999407 -0.376372
-0.840033 -0.541697 -0.0301542 114.92 0.542098 -0.84029 -0.00655254 356.134 -0.0217887 -0.0218509 0.999524 -0.401164
-0.84267 -0.537911 -0.0236305 113.117 0.538114 -0.842867 -0.0027611 357.298 -0.0184322 -0.0150426 0.999717 -0.401824
-0.849088 -0.527718 -0.0237466 111.456 0.527725 -0.849391 0.00648078 358.339 -0.0235902 -0.00702892 0.999697 -0.406803
-0.859434 -0.511006 -0.0156994 109.87 0.510915 -0.859577 0.00966897 359.251 -0.0184358 0.000288768 0.99983 -0.366466
-0.869671 -0.493207 -0.0204959 108.333 0.493193 -0.869898 0.00607927 360.149 -0.0208277 -0.00482149 0.999771 -0.376074
-0.879993 -0.474821 -0.0124954 106.813 0.474829 -0.880074 0.00254842 360.963 -0.0122069 -0.00369058 0.999919 -0.409625
-0.888119 -0.459551 -0.00761862 105.235 0.459569 -0.888142 -0.000679678 361.762 -0.00645406 -0.00410492 0.999971 -0.417305
-0.894319 -0.447365 -0.00759598 103.617 0.447392 -0.894335 -0.00215019 362.578 -0.00583143 -0.00532133 0.999969 -0.429374
-0.898635 -0.438616 -0.00839058 101.941 0.438687 -0.898577 -0.0106144 363.373 -0.00288394 -0.0132193 0.999908 -0.418319
-0.899772 -0.436284 -0.00821315 100.208 0.436356 -0.899697 -0.0118307 364.189 -0.00222778 -0.0142288 0.999896 -0.432828
-0.898712 -0.437856 -0.024467 98.3655 0.438173 -0.898843 -0.00930275 365.066 -0.0179187 -0.0190813 0.999657 -0.408218
-0.895086 -0.44446 -0.0357364 96.4013 0.44505 -0.895447 -0.0102923 366.018 -0.0274255 -0.025117 0.999308 -0.417767
-0.89173 -0.452062 -0.0213982 95.0812 0.452481 -0.89149 -0.022514 366.66 -0.00889856 -0.0297587 0.999518 -0.456059
-0.887098 -0.459786 -0.0406687 93.6747 0.460587 -0.887525 -0.0126233 367.386 -0.0302905 -0.0299296 0.999093 -0.537059
-0.883882 -0.465892 -0.0411934 92.2337 0.466493 -0.884506 -0.00583554 368.142 -0.0337171 -0.0243744 0.999134 -0.54293
-0.88081 -0.473106 -0.0185624 90.7622 0.473441 -0.880512 -0.023513 368.906 -0.00522028 -0.0294987 0.999551 -0.570097
-0.876181 -0.480762 -0.0342864 89.1399 0.48175 -0.87575 -0.0312822 369.737 -0.014987 -0.0439264 0.998922 -0.580858
-0.869394 -0.492932 -0.0342405 87.6107 0.49394 -0.868858 -0.0333166 370.596 -0.0133273 -0.045878 0.998858 -0.64715
-0.862129 -0.50658 -0.0104827 85.9652 0.506618 -0.86148 -0.0344866 371.522 0.00843958 -0.0350426 0.99935 -0.623071
-0.855187 -0.517861 -0.0217973 84.355 0.518301 -0.854757 -0.0274538 372.478 -0.0044142 -0.0347757 0.999385 -0.627841
-0.848504 -0.528438 -0.0281729 82.661 0.528937 -0.84854 -0.0143429 373.525 -0.0163265 -0.0270717 0.9995 -0.628719
-0.84565 -0.533464 -0.0170904 80.9717 0.533662 -0.845636 -0.0102344 374.575 -0.00899258 -0.0177752 0.999802 -0.625241
-0.845037 -0.534423 -0.0174564 79.2813 0.534599 -0.845073 -0.00742136 375.643 -0.0107857 -0.0156035 0.99982 -0.6067
-0.846373 -0.532063 -0.0236921 77.5917 0.532373 -0.846461 -0.00907518 376.701 -0.0152259 -0.020294 0.999678 -0.621184
-0.849491 -0.52695 -0.0262653 75.8733 0.527297 -0.849641 -0.00820923 377.786 -0.0179902 -0.0208233 0.999621 -0.64012
-0.853154 -0.52159 -0.00855053 74.2168 0.52164 -0.85315 -0.00516506 378.788 -0.00460084 -0.00886689 0.99995 -0.637053
-0.856705 -0.515709 -0.0099951 72.5147 0.515747 -0.85674 -0.00141797 379.843 -0.00783194 -0.00636972 0.999949 -0.618242
-0.859581 -0.510777 -0.0150919 70.7687 0.510763 -0.859707 0.00504796 380.855 -0.015553 -0.00336924 0.999873 -0.610865
-0.861638 -0.5074 -0.0111994 69.0541 0.507447 -0.861682 -0.0015713 381.826 -0.00885306 -0.00703701 0.999936 -0.608167
-0.863891 -0.503579 -0.0100052 67.4071 0.503647 -0.863889 -0.00597997 382.786 -0.00563198 -0.0102051 0.999932 -0.60065
-0.865751 -0.500278 -0.0140328 65.6642 0.500343 -0.865826 -0.00131431 383.81 -0.0114925 -0.0081591 0.999901 -0.618083
