0.461278 -0.88698 0.0221267 0.674159 0.88716 0.461451 0.00315721 0.57249 -0.0130108 0.0181736 0.99975 0.783194
0.461278 -0.88698 0.0221267 0.674159 0.88716 0.461451 0.00315721 0.57249 -0.0130108 0.0181736 0.99975 0.783194
0.476813 -0.878832 0.0174329 0.89263 0.878896 0.476972 0.00622523 0.99272 -0.0137859 0.0123535 0.999829 0.784036
0.495924 -0.868177 0.0181254 1.14168 0.868245 0.496095 0.00634839 1.40826 -0.0145035 0.012589 0.999816 0.776692
0.519848 -0.85392 0.0240545 1.39841 0.854082 0.520107 0.00573338 1.80252 -0.0174068 0.017564 0.999694 0.773172
0.542756 -0.83953 0.0245765 1.64928 0.839672 0.54305 0.00688688 2.16802 -0.019128 0.0168983 0.999674 0.778016
0.569965 -0.821272 0.025547 1.9232 0.821388 0.570308 0.00843684 2.54183 -0.0214986 0.0161753 0.999638 0.778822
0.599927 -0.799614 0.0265685 2.18962 0.799713 0.60031 0.00931198 2.86166 -0.0233954 0.0156607 0.999604 0.77579
0.63251 -0.774093 0.0266655 2.46864 0.774158 0.632912 0.0100865 3.193 -0.0246848 0.0142635 0.999593 0.770716
0.666744 -0.744789 0.0272321 2.75157 0.744837 0.667166 0.0103974 3.48975 -0.0259121 0.0133511 0.999575 0.764299
0.703336 -0.710402 0.0254634 3.02963 0.710404 0.703715 0.0105094 3.76034 -0.0253848 0.0106977 0.99962 0.760253
0.74118 -0.670875 0.0240645 3.34226 0.67086 0.741518 0.00990055 4.03426 -0.0244863 0.00880582 0.999661 0.757852
0.778974 -0.626615 0.0235154 3.65943 0.626592 0.779293 0.00926264 4.26325 -0.0241295 0.00751917 0.999681 0.749722
0.815917 -0.577716 0.0228932 3.97655 0.577675 0.816217 0.00903539 4.48381 -0.0239057 0.00585273 0.999697 0.743522
0.851248 -0.524301 0.022022 4.29242 0.524253 0.851521 0.00837414 4.65121 -0.0231428 0.00441665 0.999722 0.726966
0.883585 -0.46773 0.0225078 4.65483 0.467717 0.883857 0.00617836 4.82305 -0.0227835 0.00506819 0.999728 0.723937
0.912056 -0.409435 0.0227383 5.01133 0.40942 0.912329 0.00553835 4.95106 -0.0230124 0.00425824 0.999726 0.72235
0.93613 -0.350731 0.0254688 5.38072 0.35068 0.936472 0.00657928 5.06317 -0.0261584 0.00277236 0.999654 0.721418
0.956588 -0.29017 0.0272371 5.75039 0.290043 0.956975 0.0085928 5.13441 -0.0285586 -0.000319855 0.999592 0.717007
0.972879 -0.229539 0.0286065 6.12516 0.229401 0.973299 0.00807486 5.21199 -0.0296961 -0.00129351 0.999558 0.702352
0.985125 -0.169484 0.0283415 6.49888 0.169407 0.985533 0.0051255 5.23739 -0.0288001 -0.000248017 0.999585 0.692154
0.993365 -0.111314 0.0289113 6.87948 0.111335 0.993783 0.000917679 5.24937 -0.0288337 0.00230724 0.999582 0.691263
0.998062 -0.0550751 0.0289499 7.258 0.0550354 0.998482 0.00216679 5.25424 -0.0290253 -0.000569319 0.999579 0.695077
0.999592 -0.000473632 0.0285538 7.63924 0.000301386 0.999982 0.00603632 5.23507 -0.0285561 -0.00602525 0.999574 0.692691
0.998305 0.0513441 0.0273984 8.01943 -0.0515522 0.998646 0.0069431 5.21756 -0.0270048 -0.00834378 0.9996 0.679325
0.994812 0.0985041 0.0254321 8.39418 -0.0985677 0.995129 0.00125716 5.15742 -0.0251844 -0.00375743 0.999676 0.649376
0.989589 0.141547 0.0260522 8.77279 -0.141298 0.989904 -0.0111792 5.0675 -0.0273715 0.00738171 0.999598 0.64371
0.983278 0.179813 0.0288343 9.16035 -0.179378 0.983633 -0.0170456 4.97836 -0.0314274 0.0115884 0.999439 0.64752
0.976343 0.214345 0.0284833 9.53359 -0.214 0.976723 -0.0146947 4.89817 -0.03097 0.00825163 0.999486 0.659467
0.969011 0.245601 0.026408 9.91785 -0.245577 0.969368 -0.00420594 4.81758 -0.0266321 -0.00240961 0.999642 0.659729
0.961171 0.274853 0.0246163 10.3024 -0.275001 0.96144 0.00275734 4.73527 -0.0229092 -0.00941978 0.999693 0.643727
0.953517 0.300534 0.0220249 10.6766 -0.300654 0.953731 0.00228674 4.60221 -0.0203186 -0.00880232 0.999755 0.633504
0.945664 0.324665 0.0176537 11.0511 -0.324658 0.945825 -0.00334791 4.47438 -0.0177842 -0.00256541 0.999838 0.614109
0.938553 0.345011 0.00930158 11.4323 -0.344935 0.938585 -0.00882962 4.32471 -0.0117766 0.00507862 0.999918 0.600844
0.931398 0.36399 0.00293327 11.8223 -0.363965 0.931389 -0.00663454 4.16774 -0.00514692 0.00511179 0.999974 0.590022
0.924544 0.381056 0.00381068 12.2474 -0.381052 0.924552 -0.00167461 4.02228 -0.00416129 9.61801e-05 0.999991 0.596299
0.918398 0.395557 0.00889543 12.6759 -0.395569 0.918436 -0.000405621 3.84546 -0.00833033 -0.00314624 0.99996 0.596541
0.912282 0.409381 0.0122066 13.1037 -0.409391 0.912357 -0.00180669 3.67073 -0.0118764 -0.00334908 0.999924 0.59919
0.906903 0.421131 0.0132507 13.56 -0.421105 0.906999 -0.00478243 3.44571 -0.0140324 -0.00124276 0.999901 0.595653
0.901751 0.43209 0.0120086 14.0005 -0.431996 0.901824 -0.0096417 3.23884 -0.0149957 0.00350675 0.999881 0.589221
0.896873 0.442177 0.00986131 14.4625 -0.442056 0.896902 -0.0123669 3.02173 -0.014313 0.0067323 0.999875 0.587494
0.892573 0.450832 0.00800839 15.009 -0.450748 0.892591 -0.0103812 2.82887 -0.0118284 0.00565625 0.999914 0.590009
0.88977 0.45631 0.00950729 15.54 -0.456243 0.889815 -0.00849062 2.59638 -0.0123341 0.00321707 0.999919 0.562836
0.887823 0.460101 0.00877921 15.9751 -0.460037 0.88786 -0.00840194 2.30913 -0.0116604 0.00342068 0.999926 0.572507
0.885305 0.464928 0.00880442 16.4876 -0.46486 0.885341 -0.0087689 2.02522 -0.0118718 0.00367033 0.999923 0.569788
0.882976 0.46935 0.00801797 17.0551 -0.46928 0.883001 -0.00926945 1.74327 -0.0114305 0.00442203 0.999925 0.557241
0.881274 0.472562 0.00637567 17.5963 -0.472469 0.881265 -0.0120578 1.46778 -0.0113167 0.0076139 0.999907 0.544487
0.880143 0.474678 0.00533552 18.1567 -0.474547 0.880082 -0.016135 1.18839 -0.0123546 0.0116692 0.999856 0.527381
0.879185 0.476422 0.00745146 18.7403 -0.476322 0.879188 -0.0120473 0.82524 -0.0122908 0.00704246 0.9999 0.503171
0.878806 0.477156 0.00478583 19.3294 -0.477016 0.878723 -0.0173625 0.517287 -0.01249 0.0129754 0.999838 0.492071
0.879671 0.475569 0.00343943 19.9287 -0.475411 0.879527 -0.0204203 0.169244 -0.0127363 0.016328 0.999786 0.471365
0.880819 0.47345 0.00140577 20.5565 -0.473306 0.880618 -0.0222145 -0.181523 -0.0117554 0.0189016 0.999752 0.480543
0.88252 0.470272 0.00168771 21.1934 -0.470113 0.882305 -0.0230673 -0.509366 -0.012337 0.0195639 0.999732 0.468485
0.884663 0.466227 0.00192304 21.8379 -0.466062 0.884446 -0.0232798 -0.84569 -0.0125545 0.0196985 0.999727 0.475944
0.886691 0.462351 0.00322407 22.5634 -0.462169 0.8865 -0.0227787 -1.22698 -0.0133899 0.0187076 0.999735 0.462986
0.888405 0.45905 0.00327692 23.2713 -0.458839 0.888174 -0.0247772 -1.547 -0.0142844 0.0205086 0.999688 0.451249
0.889839 0.456251 0.00464249 23.9566 -0.456006 0.889618 -0.0252712 -1.87113 -0.01566 0.0203702 0.99967 0.456197
0.891636 0.452709 0.00623539 24.6642 -0.452434 0.891441 -0.0252298 -2.21675 -0.0169803 0.0196747 0.999662 0.446517
0.893658 0.448707 0.00614176 25.3862 -0.448444 0.893472 -0.0246162 -2.56713 -0.0165329 0.0192442 0.999678 0.434622
0.894938 0.446183 0.00268075 26.1429 -0.446023 0.894748 -0.0221176 -2.96022 -0.0122671 0.0185982 0.999752 0.428734
0.895593 0.444872 0.00153596 26.8726 -0.4448 0.895502 -0.0151502 -3.2918 -0.00811533 0.0128852 0.999884 0.425026
0.895412 0.445239 -0.000356663 27.6241 -0.445212 0.895349 -0.0116717 -3.65149 -0.00487734 0.0106097 0.999932 0.440967
0.895194 0.44567 0.00224823 28.3618 -0.445648 0.895183 -0.00667413 -4.02104 -0.00498704 0.00497272 0.999975 0.448745
0.895698 0.444649 0.00352056 29.127 -0.444624 0.895696 -0.00615477 -4.40627 -0.00589007 0.00394749 0.999975 0.45519
0.895477 0.445055 0.0069142 29.8232 -0.445031 0.895502 -0.00481081 -4.75722 -0.00833276 0.00123093 0.999965 0.4444
0.89562 0.444769 0.00677178 30.554 -0.444731 0.895641 -0.00648823 -5.09797 -0.00895085 0.00279937 0.999956 0.471321
0.896123 0.443771 0.00550699 31.3262 -0.44374 0.896135 -0.00608885 -5.4641 -0.00763706 0.00301269 0.999966 0.476821
0.896028 0.44394 0.00714725 32.0468 -0.443941 0.896055 -0.00158685 -5.82939 -0.00710879 -0.00175109 0.999973 0.465517
0.895483 0.44504 0.00700459 32.8287 -0.44505 0.895506 -0.000191771 -6.18233 -0.006358 -0.00294567 0.999975 0.487863
0.895102 0.445807 0.00699601 33.5359 -0.445828 0.895117 0.00175129 -6.52863 -0.00548151 -0.0046866 0.999974 0.485738
0.892901 0.450187 0.00772579 34.2604 -0.450204 0.892926 0.00044598 -6.8605 -0.00669778 -0.0038764 0.99997 0.481748
0.891076 0.45364 0.0139616 35.0133 -0.453749 0.89111 0.00587363 -7.22099 -0.00977678 -0.0115689 0.999885 0.508686
0.88845 0.458639 0.0175087 35.7075 -0.458841 0.888463 0.00994409 -7.56419 -0.0109951 -0.0168686 0.999797 0.508572
0.884759 0.465647 0.0193287 36.452 -0.465899 0.884765 0.0113985 -7.98388 -0.0117937 -0.0190901 0.999748 0.515559
0.880703 0.473255 0.0198143 37.1658 -0.473543 0.880664 0.0137314 -8.34404 -0.0109513 -0.0214762 0.999709 0.492679
0.875817 0.482256 0.0193607 37.8623 -0.482531 0.875775 0.0134803 -8.74777 -0.0104547 -0.0211484 0.999722 0.491201
0.870572 0.491684 0.0187407 38.5218 -0.49191 0.870587 0.0101603 -9.08666 -0.0113197 -0.018064 0.999773 0.484183
0.865343 0.500786 0.0198501 39.2487 -0.501023 0.865383 0.00933274 -9.48603 -0.0125042 -0.0180214 0.999759 0.510615
0.859815 0.510117 0.0223155 39.9418 -0.510434 0.859837 0.0117293 -9.90754 -0.0132043 -0.0214756 0.999682 0.49521
0.854027 0.519739 0.0225703 40.601 -0.520067 0.854039 0.0121428 -10.3155 -0.0129648 -0.0221083 0.999671 0.47953
0.847909 0.529688 0.0219153 41.2775 -0.529992 0.847928 0.0113047 -10.7186 -0.0125946 -0.0212002 0.999696 0.485427
0.842358 0.538429 0.0229416 41.9152 -0.538809 0.84228 0.0157663 -11.1591 -0.0108343 -0.025642 0.999613 0.466368
0.836792 0.547069 0.0222475 42.5489 -0.547431 0.836702 0.0157934 -11.5757 -0.00997445 -0.0253948 0.999628 0.470822
0.831717 0.554837 0.020071 43.1767 -0.555131 0.831639 0.0143329 -11.9792 -0.00873944 -0.023063 0.999696 0.468699
0.82641 0.5628 0.0173962 43.8016 -0.563024 0.826338 0.0129718 -12.3954 -0.00707459 -0.0205145 0.999764 0.516673
0.821138 0.570524 0.0153268 44.4926 -0.570677 0.82113 0.00849438 -12.8374 -0.00773903 -0.0157217 0.999846 0.515477
0.815926 0.577927 0.0162798 45.071 -0.57811 0.815894 0.0103195 -13.2858 -0.0073187 -0.0178315 0.999814 0.512557
0.812229 0.583037 0.0187669 45.6371 -0.583263 0.812221 0.0100273 -13.7114 -0.00939658 -0.0190905 0.999774 0.494221
0.809308 0.587067 0.0193345 46.2195 -0.587284 0.809341 0.00803756 -14.1032 -0.0109296 -0.0178597 0.999781 0.512327
0.806687 0.590686 0.0186084 46.8311 -0.590828 0.806793 0.00280656 -14.5661 -0.0133553 -0.0132584 0.999823 0.521449
0.805127 0.592807 0.0187107 47.3656 -0.592956 0.805229 0.00317156 -14.9548 -0.0131863 -0.0136481 0.99982 0.509275
0.804374 0.593811 0.0192496 47.9206 -0.593955 0.804495 0.00226995 -15.3866 -0.0141383 -0.0132593 0.999812 0.520517
0.804268 0.594058 0.0157459 48.4647 -0.594114 0.80438 -0.0013129 -15.7601 -0.0134456 -0.00829892 0.999875 0.501953
0.804606 0.593624 0.0148443 49.0263 -0.593682 0.8047 -0.000630105 -16.1908 -0.0123193 -0.0083058 0.99989 0.499833
0.806608 0.590987 0.0108275 49.5377 -0.591014 0.806661 -0.000847616 -16.5111 -0.00923503 -0.0057155 0.999941 0.497693
0.809784 0.586633 0.010612 50.0267 -0.586651 0.809838 -0.00160513 -16.9029 -0.00953565 -0.00492575 0.999942 0.501966
0.814027 0.580777 0.0076357 50.5589 -0.580759 0.814062 -0.00472828 -17.2516 -0.00896202 -0.000585556 0.99996 0.491996
0.820902 0.570998 0.00901411 51.0011 -0.570985 0.82095 -0.00426395 -17.6063 -0.00983484 -0.00164663 0.99995 0.517271
0.827876 0.560881 0.00578433 51.5115 -0.560868 0.827896 -0.00393497 -17.9024 -0.00699588 1.34236e-05 0.999976 0.514532
0.837766 0.546014 0.00417534 51.9427 -0.546 0.837776 -0.00399153 -18.1762 -0.00567743 0.00106423 0.999983 0.50646
0.848835 0.528652 0.00242231 52.3792 -0.528649 0.848839 -0.00173481 -18.4506 -0.00297326 0.000192021 0.999996 0.500781
0.860747 0.50903 0.00181618 52.8611 -0.509031 0.860748 -0.000277368 -18.7283 -0.00170447 -0.00068575 0.999998 0.516123
0.873857 0.486181 0.00133625 53.3529 -0.486183 0.873854 0.00217023 -18.9251 -0.00011256 -0.00254613 0.999997 0.507669
0.889246 0.457429 0.000736149 53.8228 -0.457429 0.889243 0.00254026 -19.1588 0.000507372 -0.00259565 0.999996 0.508419
0.905741 0.423829 0.00175801 54.2981 -0.423831 0.905741 0.000960976 -19.3236 -0.00118501 -0.00161549 0.999998 0.497536
0.922475 0.386028 0.00478615 54.7828 -0.386034 0.922485 0.000328239 -19.507 -0.00428844 -0.00215041 0.999988 0.510994
0.938852 0.344224 0.00819046 55.2927 -0.344243 0.93888 0.00103677 -19.6519 -0.00733298 -0.00379289 0.999966 0.504147
0.953816 0.300124 0.0126689 55.8247 -0.300174 0.953882 0.00224396 -19.7482 -0.0114112 -0.0059432 0.999917 0.508515
0.967575 0.252176 0.014332 56.348 -0.252228 0.967666 0.00197668 -19.82 -0.0133701 -0.00552751 0.999895 0.520408
0.980013 0.198385 0.014768 56.8576 -0.19845 0.980106 0.00307851 -19.8262 -0.0138635 -0.00594768 0.999886 0.518037
0.990677 0.135718 0.0118278 57.3394 -0.135728 0.990746 4.52089e-05 -19.857 -0.0117122 -0.00165015 0.99993 0.510593
0.997396 0.0717056 0.00773152 57.8784 -0.0716976 0.997426 -0.00129873 -19.9038 -0.00780474 0.000741013 0.999969 0.526884
0.999979 0.0043725 0.00473193 58.3545 -0.00435265 0.999982 -0.00419848 -19.8485 -0.0047502 0.00417779 0.99998 0.535249
0.998012 -0.063002 0.00165428 58.8092 0.0630061 0.99801 -0.00252034 -19.7841 -0.0014922 0.00261956 0.999995 0.52356
0.991068 -0.133352 -0.00141479 59.268 0.133351 0.991069 -0.00062598 -19.6417 0.00148563 0.000431724 0.999999 0.516083
0.97965 -0.200695 -0.00262418 59.6954 0.200692 0.979654 -0.00130423 -19.5395 0.00283254 0.000751039 0.999996 0.516398
0.963172 -0.268871 -0.00270589 60.1693 0.268863 0.963173 -0.00310742 -19.3917 0.00344174 0.00226547 0.999992 0.512672
0.941805 -0.336159 -0.000757998 60.6538 0.336155 0.941801 -0.00338454 -19.1936 0.00185163 0.00293277 0.999994 0.535471
0.917574 -0.397552 0.00331809 61.0331 0.397556 0.917577 -0.000747071 -18.9734 -0.00274761 0.00200462 0.999994 0.512994
0.888826 -0.458193 0.00697193 61.441 0.458206 0.888846 -0.000438052 -18.7255 -0.00599626 0.00358393 0.999976 0.54438
0.858277 -0.513014 0.0133474 61.8093 0.513044 0.858361 0.00128726 -18.4971 -0.0121173 0.00574297 0.99991 0.544369
0.827351 -0.561436 0.016719 62.1765 0.561446 0.827501 0.00449131 -18.1959 -0.0163565 0.0056709 0.99985 0.555766
0.796832 -0.603931 0.018067 62.5164 0.603856 0.797031 0.00995734 -17.8948 -0.0204135 0.00297555 0.999787 0.564011
0.768826 -0.639248 0.0164012 62.8426 0.639075 0.769 0.0148856 -17.6118 -0.0221281 -0.000962881 0.999755 0.569634
0.74507 -0.666901 0.0106813 63.1502 0.66675 0.745136 0.014713 -17.2902 -0.0177712 -0.00384045 0.999835 0.557037
0.722647 -0.691157 0.00915077 63.4869 0.690995 0.722687 0.015815 -16.9509 -0.0175438 -0.00510556 0.999833 0.510972
0.706528 -0.707614 0.0100357 63.7768 0.7075 0.706597 0.0128587 -16.6744 -0.0161902 -0.00198478 0.999867 0.510521
0.69446 -0.719405 0.0134685 64.0711 0.719341 0.694585 0.0100384 -16.3412 -0.0165767 0.00271716 0.999859 0.513951
0.684334 -0.729078 0.0114519 64.4494 0.728991 0.68443 0.0113314 -15.9465 -0.0160995 0.000593806 0.99987 0.528587
0.677961 -0.735044 0.00891117 64.7422 0.734876 0.678004 0.0163598 -15.5638 -0.018067 -0.00454268 0.999826 0.530683
0.672894 -0.739725 0.00451197 65.0947 0.739581 0.672863 0.0165862 -15.1625 -0.0153052 -0.00782381 0.999852 0.531249
0.671532 -0.740969 -0.00313099 65.46 0.740892 0.671387 0.0178781 -14.7404 -0.011145 -0.0143255 0.999835 0.525798
0.671122 -0.74132 -0.00625812 65.8213 0.741306 0.670973 0.0161391 -14.3435 -0.00776523 -0.0154705 0.99985 0.519673
0.672927 -0.739683 -0.00614034 66.2024 0.739691 0.67283 0.0125132 -13.9161 -0.00512442 -0.0129624 0.999903 0.504773
0.67545 -0.737361 -0.00807053 66.5859 0.737405 0.675407 0.00766308 -13.5007 -0.000199564 -0.0111273 0.999938 0.494829
0.67928 -0.733796 -0.0110714 66.9996 0.733875 0.679247 0.00707473 -13.0903 0.00232879 -0.0129307 0.999914 0.497139
0.682978 -0.730258 -0.0162431 67.4057 0.730436 0.682862 0.0127247 -12.6441 0.00179952 -0.0205553 0.999787 0.477998
0.686462 -0.726963 -0.0171678 67.7938 0.727165 0.686264 0.0164982 -12.1879 -0.000211876 -0.0238092 0.999716 0.475288
0.690838 -0.722881 -0.0136144 68.2349 0.723004 0.690634 0.0170337 -11.6987 -0.00291079 -0.0216108 0.999762 0.487521
0.693281 -0.720636 -0.0066515 68.6569 0.720627 0.693115 0.0170094 -11.2765 -0.00764734 -0.0165855 0.999833 0.513463
0.69639 -0.717649 -0.00454767 69.099 0.717552 0.696157 0.0219958 -10.7802 -0.0126194 -0.0185809 0.999748 0.490768
0.698693 -0.715421 0.000770656 69.5339 0.71529 0.698585 0.0184131 -10.335 -0.0137115 -0.0123139 0.99983 0.483425
0.69886 -0.715258 -0.000962345 70.0414 0.715206 0.698791 0.013093 -9.85315 -0.0086924 -0.00983845 0.999914 0.488148
0.698568 -0.715541 -0.0019218 70.5216 0.715537 0.698546 0.00635252 -9.38823 -0.00320302 -0.00581279 0.999978 0.487241
0.698303 -0.715796 -0.00306651 70.9876 0.715802 0.698302 0.00138948 -8.90558 0.00114676 -0.00316529 0.999994 0.480097
0.696535 -0.717457 -0.00972635 71.4473 0.717513 0.696533 0.00413275 -8.39276 0.00380965 -0.00985739 0.999944 0.471483
0.69394 -0.719934 -0.0119241 71.9427 0.720031 0.693877 0.00942188 -7.87893 0.00149075 -0.015124 0.999884 0.462737
0.694674 -0.719291 -0.00703797 72.4538 0.719317 0.694588 0.0113846 -7.30946 -0.00330033 -0.0129711 0.99991 0.474815
0.69092 -0.722931 -0.00080386 72.9447 0.722886 0.690863 0.0120336 -6.80287 -0.00814408 -0.00889532 0.999927 0.509728
0.68972 -0.724074 -0.00176009 73.4429 0.72402 0.689635 0.014121 -6.27339 -0.00901079 -0.0110139 0.999899 0.48871
0.687153 -0.726503 -0.00370088 73.9673 0.726495 0.687091 0.0105435 -5.72035 -0.00511703 -0.00993364 0.999937 0.499515
0.684954 -0.728566 -0.00542439 74.4933 0.728586 0.684925 0.00634791 -5.12496 -0.000909571 -0.00830016 0.999965 0.493238
0.682469 -0.730904 -0.00390997 75.0237 0.730915 0.682463 0.00290311 -4.53922 0.000546511 -0.00483913 0.999988 0.510432
0.679555 -0.733603 -0.00563557 75.5602 0.733625 0.679538 0.00484448 -3.9617 0.000275657 -0.00742648 0.999972 0.499416
0.676048 -0.736842 -0.00477971 76.1457 0.736858 0.676028 0.00519664 -3.36013 -0.000597887 -0.00703514 0.999975 0.482765
0.674512 -0.738259 -0.00268569 76.6953 0.738261 0.674493 0.00546752 -2.75474 -0.00222496 -0.00567065 0.999981 0.502423
0.674956 -0.737854 -0.00251618 77.2399 0.737846 0.67492 0.00816611 -2.16936 -0.00432718 -0.00736831 0.999964 0.479179
0.673976 -0.738753 0.00118765 77.7743 0.73873 0.673966 0.00695953 -1.59304 -0.0059418 -0.0038132 0.999975 0.486156
0.673192 -0.73946 0.00347128 78.3525 0.73944 0.6732 0.00546011 -0.924368 -0.0063744 -0.0011089 0.999979 0.490942
0.672745 -0.739874 -0.000324814 78.9055 0.739848 0.672717 0.00880054 -0.326642 -0.00629279 -0.00616083 0.999961 0.49413
0.67324 -0.739417 -0.00312128 79.4409 0.739413 0.673201 0.00831081 0.287871 -0.00404391 -0.00790309 0.999961 0.498477
0.67429 -0.738419 -0.0083602 80.0219 0.738464 0.674212 0.0104843 0.956993 -0.00210525 -0.0132432 0.99991 0.488764
0.676287 -0.736521 -0.0131581 80.6052 0.736632 0.6761 0.0161983 1.61152 -0.00303424 -0.0206474 0.999782 0.494591
0.679368 -0.733705 -0.0116159 81.1835 0.733788 0.679197 0.0156828 2.23867 -0.00361709 -0.019178 0.999809 0.502119
0.681072 -0.732109 -0.0125566 81.7638 0.732209 0.680887 0.0162433 2.87785 -0.00334222 -0.0202569 0.999789 0.493807
0.682829 -0.730428 -0.0148466 82.3401 0.730575 0.682621 0.0169979 3.49343 -0.0022811 -0.0224532 0.999745 0.485171
0.683946 -0.72942 -0.0128358 82.9301 0.729531 0.683801 0.0141658 4.09529 -0.00155571 -0.0190528 0.999817 0.482171
0.68376 -0.729643 -0.00961638 83.5098 0.729705 0.683669 0.0112961 4.73088 -0.00166774 -0.014741 0.99989 0.480356
0.684479 -0.728968 -0.009732 84.0961 0.729031 0.684384 0.0115085 5.35608 -0.00172892 -0.0149723 0.999886 0.495378
0.685217 -0.728254 -0.0111205 84.6932 0.728327 0.68504 0.0161294 5.9524 -0.0041283 -0.0191515 0.999808 0.491692
0.685903 -0.727638 -0.00899961 85.2648 0.727631 0.685629 0.0215959 6.62135 -0.00954361 -0.0213611 0.999726 0.485729
0.687459 -0.726181 -0.00785858 85.8572 0.726102 0.687107 0.0256814 7.23929 -0.0132496 -0.023361 0.999639 0.486679
0.687524 -0.726091 -0.0100875 86.4579 0.726125 0.687284 0.0195971 7.87742 -0.00729633 -0.0207982 0.999757 0.484469
0.688489 -0.725059 -0.0164958 87.0157 0.725228 0.688454 0.00862342 8.46723 0.00510413 -0.0179004 0.999827 0.469966
0.688579 -0.72492 -0.0187163 87.5917 0.725059 0.688687 0.000920421 9.06275 0.0122224 -0.0142042 0.999824 0.52884
0.687147 -0.726371 -0.014617 88.172 0.726506 0.687115 0.00792739 9.67352 0.0042853 -0.0160666 0.999862 0.540823
0.686164 -0.727435 -0.00406136 88.7617 0.727373 0.686006 0.0179956 10.3174 -0.0103045 -0.0153021 0.99983 0.512649
0.685464 -0.727976 0.0138165 89.355 0.727554 0.685559 0.025959 10.9203 -0.0283696 -0.00774168 0.999568 0.506884
0.684889 -0.728605 0.00785501 89.9466 0.728308 0.684859 0.0231476 11.551 -0.022245 -0.0101327 0.999701 0.493384
0.684286 -0.729205 -0.00362762 90.4876 0.729171 0.684183 0.0142413 12.1706 -0.00790285 -0.0123903 0.999892 0.516976
0.682932 -0.730415 -0.00981163 91.0413 0.730481 0.682877 0.00870071 12.7721 0.000345009 -0.0131092 0.999914 0.49974
0.681198 -0.732068 -0.00677786 91.5914 0.732097 0.68119 0.00384551 13.3985 0.00180184 -0.0075816 0.99997 0.510705
0.679457 -0.733714 -0.00153968 92.14 0.733715 0.679452 0.00277425 14.0122 -0.000989365 -0.00301467 0.999995 0.518842
0.676833 -0.736136 0.000432881 92.6854 0.736136 0.676833 0.00014201 14.6121 -0.000397527 0.000222542 1 0.535966
0.673395 -0.739276 0.00312428 93.2517 0.739282 0.673382 -0.00435318 15.2251 0.00111437 0.00524113 0.999986 0.548353
0.67088 -0.741566 0.000369397 93.7776 0.741564 0.670878 -0.00235746 15.8408 0.00150039 0.00185551 0.999997 0.549828
0.669066 -0.743203 -0.000201409 94.2816 0.743202 0.669066 -0.00144845 16.4419 0.00121125 0.000819424 0.999999 0.559464
0.668239 -0.743945 0.00117315 94.8281 0.743946 0.66824 0.000130335 17.0515 -0.000880907 0.000785663 0.999999 0.563446
0.666606 -0.745404 0.0030941 95.3645 0.745399 0.666613 0.00274624 17.6768 -0.00410963 0.00047568 0.999991 0.565379
0.665052 -0.74676 0.00740393 95.9064 0.746776 0.665075 0.000957852 18.2954 -0.00563946 0.00489206 0.999972 0.568813
0.663702 -0.747945 0.00887996 96.4686 0.747992 0.663694 -0.00416266 18.907 -0.00278014 0.0094049 0.999952 0.566363
0.660467 -0.750813 0.00795772 96.9996 0.750854 0.660412 -0.00863552 19.4936 0.00122828 0.0116786 0.999931 0.568098
0.655412 -0.755191 0.010975 97.5325 0.755267 0.655294 -0.0126869 20.1197 0.00238916 0.0166042 0.999859 0.601537
0.650702 -0.759236 0.0121707 98.0468 0.759333 0.65064 -0.00902198 20.7185 -0.00106894 0.0151122 0.999885 0.579195
0.645862 -0.763274 0.0166075 98.5506 0.763411 0.645904 -0.00337079 21.3272 -0.00815405 0.0148554 0.999856 0.592715
0.641505 -0.766773 0.023026 99.0606 0.766905 0.641746 0.00436776 21.9533 -0.0181259 0.0148568 0.999725 0.550436
0.638678 -0.769204 0.02039 99.6125 0.769147 0.638955 0.0122234 22.5702 -0.0224306 0.00787605 0.999717 0.561182
0.635182 -0.772111 0.0197061 100.108 0.77214 0.635405 0.00777983 23.2042 -0.0185282 0.0102742 0.999775 0.572341
0.630722 -0.775788 0.0184835 100.596 0.775951 0.630786 -0.00288684 23.8158 -0.00941953 0.0161631 0.999825 0.607493
0.625276 -0.780255 0.0152236 101.088 0.780401 0.625206 -0.00954744 24.437 -0.00206848 0.0178503 0.999839 0.581273
0.619923 -0.784619 0.00826376 101.578 0.784662 0.619879 -0.00742731 25.092 0.000705076 0.0110886 0.999938 0.55315
0.614527 -0.788874 0.00579965 102.125 0.78889 0.614534 -0.000642614 25.7844 -0.00305714 0.00497019 0.999983 0.585051
0.607692 -0.794163 0.00401463 102.584 0.79417 0.607696 -0.00016078 26.4066 -0.00231199 0.003286 0.999992 0.575368
0.600352 -0.799734 0.00172892 103.049 0.799733 0.600343 -0.00385268 27.0504 0.00204317 0.00369564 0.999991 0.589503
0.593005 -0.805198 0.000518949 103.546 0.805182 0.592989 -0.00677345 27.7393 0.00514624 0.00443454 0.999977 0.592276
0.586494 -0.809953 -1.81616e-05 104.039 0.809939 0.586484 -0.00585081 28.4188 0.00474954 0.00341676 0.999983 0.607227
0.57986 -0.814715 -0.00130872 104.476 0.814716 0.579859 0.000685741 29.0653 0.00020019 -0.00146387 0.999999 0.585912
0.573246 -0.819382 0.00146636 104.987 0.819363 0.573244 0.00602852 29.7805 -0.00578024 -0.00225435 0.999981 0.607643
0.566375 -0.824141 0.00327006 105.421 0.824086 0.566377 0.0100028 30.4517 -0.0100958 -0.00297052 0.999945 0.606693
0.561208 -0.827661 0.00481237 105.869 0.827572 0.561221 0.0124377 31.1382 -0.012995 -0.00299758 0.999911 0.607919
0.557002 -0.830508 0.00215355 106.364 0.830449 0.556991 0.0107187 31.8731 -0.0101015 -0.00418195 0.99994 0.617568
0.55339 -0.832917 -0.00294962 106.809 0.832906 0.553353 0.00826003 32.5763 -0.00524774 -0.00702778 0.999962 0.630321
0.550536 -0.83474 -0.0109705 107.209 0.834811 0.550502 0.00614546 33.2242 0.000909439 -0.0125416 0.999921 0.646387
0.547619 -0.836633 -0.0126129 107.64 0.836723 0.547605 0.00484489 33.923 0.00285348 -0.0132066 0.999909 0.616786
0.545554 -0.837972 -0.0131631 108.107 0.838075 0.545498 0.007856 34.6211 0.000597338 -0.0153175 0.999882 0.634959
0.543594 -0.839266 -0.0117747 108.558 0.83932 0.543408 0.0157636 35.3254 -0.0068314 -0.0184517 0.999806 0.645447
0.541097 -0.840916 -0.00858311 108.984 0.840784 0.540747 0.0259598 36.0242 -0.0171887 -0.0212633 0.999626 0.62598
0.537135 -0.843487 -0.00397815 109.426 0.843309 0.536911 0.0235857 36.715 -0.0177583 -0.0160235 0.999714 0.616857
0.532174 -0.846632 0.00210467 109.849 0.846603 0.532174 0.00733812 37.3692 -0.00733274 -0.00212333 0.999971 0.639096
0.526949 -0.849893 0.0026266 110.259 0.849897 0.526949 -0.000752765 38.0464 -0.000744313 0.00262901 0.999996 0.633352
0.521102 -0.853481 -0.00475864 110.679 0.853494 0.521088 0.00400399 38.7587 -0.00093766 -0.00614796 0.999981 0.621818
0.514858 -0.857248 -0.00686202 111.124 0.857259 0.514784 0.0101917 39.447 -0.00520431 -0.0111298 0.999925 0.620844
0.507941 -0.861384 0.00369318 111.535 0.86133 0.507951 0.00978487 40.215 -0.0103045 -0.00178908 0.999945 0.625007
0.502211 -0.864688 0.00992392 111.96 0.864633 0.502297 0.0103685 40.9247 -0.0139503 0.00337337 0.999897 0.604366
0.497664 -0.867228 0.0156691 112.386 0.86724 0.497821 0.00830339 41.6272 -0.0150013 0.00945656 0.999843 0.606727
0.491549 -0.87065 0.0186749 112.812 0.870787 0.491659 0.00153434 42.3535 -0.0105175 0.0155076 0.999824 0.651873
0.48627 -0.873599 0.0191414 113.234 0.873808 0.486183 -0.00927721 43.0805 -0.00120169 0.0212372 0.999774 0.641946
0.480722 -0.876698 0.0174959 113.665 0.876863 0.480523 -0.014463 43.8022 0.00427254 0.0222942 0.999742 0.624091
0.474085 -0.880398 0.0119425 114.052 0.880479 0.474051 -0.00566362 44.5485 -0.000675134 0.0132002 0.999913 0.61399
0.469702 -0.882726 0.0132394 114.433 0.88275 0.469805 0.00599462 45.3253 -0.0115115 0.00887138 0.999894 0.616352
0.465421 -0.884905 0.0180551 114.819 0.884854 0.465671 0.0135504 46.0745 -0.0203986 0.00966946 0.999745 0.607317
0.46218 -0.886473 0.0235592 115.187 0.88653 0.462522 0.0117471 46.8124 -0.0213101 0.0154567 0.999653 0.59641
0.461074 -0.887061 0.0231144 115.592 0.887295 0.461202 0.000213002 47.5822 -0.0108494 0.0204111 0.999733 0.642088
0.458893 -0.888416 0.0115983 115.96 0.888492 0.458855 -0.00590235 48.3458 -7.81878e-05 0.0130135 0.999915 0.646608
0.456074 -0.889932 0.00419984 116.314 0.88994 0.456058 -0.00421837 49.0974 0.00183869 0.00566149 0.999982 0.62808
0.454257 -0.890859 0.00455307 116.704 0.89087 0.454256 -0.001262 49.8733 -0.000943997 0.00462947 0.999989 0.623146
0.453747 -0.891074 0.0100782 117.091 0.891112 0.453782 0.00134262 50.6443 -0.00576966 0.00837157 0.999948 0.662751
0.453048 -0.891387 0.0133023 117.447 0.891377 0.453175 0.00886771 51.4101 -0.0139328 0.00783989 0.999872 0.611691
0.451873 -0.891898 0.0181075 117.859 0.891963 0.452051 0.00715672 52.2114 -0.0145686 0.0129173 0.99981 0.618443
0.450076 -0.892716 0.0221148 118.209 0.892977 0.450064 -0.00577052 52.9402 -0.00480163 0.0223452 0.999739 0.655849
0.448422 -0.893583 0.0206634 118.566 0.893814 0.448203 -0.0144981 53.6618 0.00369385 0.0249705 0.999681 0.627172
0.446956 -0.894282 0.0221212 118.966 0.894528 0.446608 -0.019019 54.4262 0.00712887 0.0282887 0.999574 0.644671
0.445964 -0.894979 0.0113549 119.32 0.895043 0.44587 -0.00994721 55.1697 0.00383972 0.0145993 0.999886 0.648951
0.444553 -0.895727 0.00677006 119.724 0.895742 0.444572 0.00158609 55.9809 -0.00443049 0.00535912 0.999976 0.619278
0.442847 -0.896466 0.0153575 120.134 0.896554 0.442928 0.0021819 56.7882 -0.00875827 0.0128026 0.99988 0.644055
0.442335 -0.896419 0.0277874 120.462 0.896838 0.442273 -0.0086672 57.5197 -0.00452017 0.0287546 0.999576 0.695993
0.443052 -0.89628 0.0196517 120.839 0.896496 0.442934 -0.0102382 58.2972 0.000471921 0.0221537 0.999754 0.695683
0.442682 -0.896648 0.00740321 121.199 0.896679 0.442663 -0.00409283 59.1093 0.000392704 0.00845012 0.999964 0.656441
0.441869 -0.89707 0.00417574 121.571 0.897078 0.441873 0.000195176 59.8362 -0.00202023 0.00365972 0.999991 0.66246
0.441118 -0.897447 0.0019609 121.907 0.897424 0.441121 0.00650558 60.5556 -0.00670341 -0.00110997 0.999977 0.657698
0.440463 -0.897744 0.00695089 122.256 0.897718 0.440508 0.0074984 61.3036 -0.00979356 0.00293717 0.999948 0.664768
0.439917 -0.898018 0.00598919 122.613 0.897991 0.439953 0.00738139 62.0358 -0.00926359 0.00213104 0.999955 0.692106
0.439822 -0.898073 0.00464643 122.985 0.898066 0.43984 0.00418029 62.7808 -0.00579789 0.00233423 0.99998 0.693741
0.438967 -0.898499 0.00286022 123.302 0.898503 0.438967 -0.000593986 63.4687 -0.000721845 0.00283065 0.999996 0.69364
0.43798 -0.898977 -0.00365696 123.668 0.898984 0.437971 0.00303032 64.258 -0.00112254 -0.00461477 0.999989 0.714529
0.435887 -0.899969 -0.00763925 124.047 0.899937 0.435738 0.015656 65.0756 -0.0107612 -0.0136991 0.999848 0.664945
0.433796 -0.901009 0.00213965 124.37 0.90081 0.433748 0.0200908 65.7365 -0.01903 -0.00678786 0.999796 0.68151
0.43353 -0.9011 0.00837021 124.72 0.900908 0.43361 0.0186118 66.4051 -0.0204005 -0.000527955 0.999792 0.676679
0.432779 -0.901318 0.0180882 125.012 0.901364 0.432975 0.00870423 67.0766 -0.015677 0.0125371 0.999798 0.709517
0.433517 -0.901025 0.0147375 125.318 0.901088 0.433616 0.00412644 67.7147 -0.0101084 0.0114909 0.999883 0.696575
0.434859 -0.900455 0.00885649 125.619 0.900484 0.434886 0.00134881 68.3874 -0.00506611 0.00738859 0.99996 0.703261
0.435429 -0.900167 0.0100429 125.965 0.900222 0.435384 -0.00643559 69.0232 0.00142061 0.011843 0.999929 0.704569
0.437448 -0.899124 0.0146906 126.26 0.899231 0.437295 -0.0125323 69.6821 0.00484394 0.0186925 0.999813 0.744593
0.442102 -0.896916 0.00937416 126.547 0.896958 0.442034 -0.00847361 70.2694 0.00345641 0.0121544 0.99992 0.707613
0.447802 -0.89409 0.00877141 126.804 0.894132 0.44779 -0.00338452 70.8152 -0.000901682 0.00935839 0.999956 0.768441
0.452197 -0.89187 0.00930335 127.108 0.891853 0.452265 0.00737477 71.4266 -0.0107849 0.00496237 0.99993 0.733825
0.457159 -0.889359 0.00682864 127.448 0.889274 0.45721 0.0122912 72.0733 -0.0140534 0.000453494 0.999901 0.74898
0.46214 -0.886762 0.00888518 127.746 0.886712 0.462214 0.0099581 72.6211 -0.0129373 0.00327656 0.999911 0.721526
0.47028 -0.882493 0.00655185 128.011 0.882512 0.47029 4.80721e-05 73.2348 -0.00312369 0.00575947 0.999979 0.743498
0.476144 -0.879367 0.000280637 128.327 0.879355 0.476135 -0.00549628 73.7974 0.00469963 0.0028638 0.999985 0.752831
0.483251 -0.875468 -0.00483644 128.635 0.875437 0.483275 -0.0074156 74.3726 0.00882946 -0.000650404 0.999961 0.784277
0.489332 -0.87209 -0.00354872 128.964 0.872079 0.489344 -0.00454252 74.9112 0.00569803 -0.000871969 0.999983 0.760519
0.4942 -0.869348 0.000276267 129.256 0.869348 0.4942 -0.00016381 75.5062 5.87701e-06 0.000321127 1 0.782672
0.498868 -0.86661 0.0108554 129.627 0.866663 0.498894 -0.000372237 76.028 -0.0050931 0.00959365 0.999941 0.806761
0.503942 -0.863592 0.0158633 129.952 0.863709 0.50399 -0.00104842 76.5847 -0.00708955 0.0142296 0.999874 0.797088
0.506843 -0.861949 0.012446 130.28 0.862002 0.506902 0.00189138 77.1277 -0.00793918 0.00976987 0.999921 0.811525
0.507141 -0.861774 0.0123878 130.607 0.861818 0.507209 0.00296227 77.6984 -0.00883602 0.00917376 0.999919 0.803357
0.506873 -0.861964 0.00985455 130.944 0.861949 0.506945 0.00713919 78.2774 -0.0111494 0.00487545 0.999926 0.784101
0.506402 -0.862219 0.0116185 131.283 0.86218 0.506509 0.00970703 78.8411 -0.0142545 0.00510158 0.999885 0.793765
0.506656 -0.862072 0.0114349 131.591 0.862022 0.506764 0.0103941 79.4019 -0.0147553 0.00459093 0.999881 0.770733
0.506465 -0.862242 0.00569761 131.893 0.862213 0.506495 0.00718805 79.9653 -0.00908365 0.00127205 0.999958 0.771151
0.505684 -0.862718 -0.00100842 132.206 0.862719 0.505684 0.00032297 80.5229 0.000231311 -0.00103331 0.999999 0.775863
0.503636 -0.863914 -0.00189485 132.534 0.863877 0.503633 -0.00833646 81.0849 0.0081563 0.00256163 0.999963 0.821166
0.500139 -0.865944 0.00166044 132.903 0.865889 0.500083 -0.0124099 81.6907 0.00991592 0.00764443 0.999922 0.83046
0.496327 -0.868136 0.000134386 133.223 0.868131 0.496323 -0.0035039 82.2513 0.00297516 0.00185574 0.999994 0.85957
0.491745 -0.870739 -0.00111285 133.539 0.870695 0.491706 0.0107486 82.8748 -0.00881199 -0.0062545 0.999942 0.835558
0.48838 -0.872624 0.00364097 133.888 0.872368 0.488331 0.0225329 83.4796 -0.0214408 -0.00782837 0.999739 0.78142
0.484317 -0.874724 0.0171681 134.242 0.874389 0.484611 0.0244151 84.0901 -0.0296763 0.00318692 0.999554 0.788805
0.481704 -0.876154 0.0177247 134.576 0.875959 0.481991 0.0194925 84.7063 -0.0256216 0.00613646 0.999653 0.789867
0.479994 -0.877196 0.0114895 134.88 0.877044 0.480127 0.0164833 85.272 -0.0199755 0.00216494 0.999798 0.774149
0.476383 -0.879182 0.00991391 135.209 0.87917 0.476456 0.00705431 85.9168 -0.0109256 0.00535545 0.999926 0.777232
0.474727 -0.880031 0.0133912 135.523 0.880076 0.474815 0.00415844 86.4878 -0.0100179 0.00981117 0.999902 0.734211
0.474212 -0.880167 0.020687 135.886 0.880298 0.474396 0.00480777 87.1017 -0.0140455 0.0159308 0.999774 0.729954
0.472589 -0.880863 0.027192 136.246 0.881095 0.4729 0.00603774 87.7278 -0.0181775 0.0211054 0.999612 0.729435
0.471322 -0.881435 0.0304615 136.59 0.881728 0.471711 0.00672062 88.3601 -0.0202928 0.0236912 0.999513 0.713467
0.470149 -0.882016 0.0317574 136.91 0.882423 0.470452 0.00238194 88.953 -0.0170412 0.0269036 0.999493 0.693558
0.469591 -0.882161 0.0357198 137.236 0.882793 0.46974 -0.00459899 89.5822 -0.012722 0.0336928 0.999351 0.708888
0.46879 -0.882301 0.0422026 137.556 0.883222 0.468881 -0.00832996 90.1699 -0.0124385 0.0411793 0.999074 0.688463
0.468129 -0.882662 0.04199 137.875 0.883527 0.468355 -0.00488069 90.7745 -0.0153582 0.039384 0.999106 0.672193
0.467328 -0.882902 0.0456914 138.239 0.883868 0.467732 -0.00208945 91.4217 -0.0195265 0.0413616 0.998953 0.67505
0.466265 -0.883266 0.0493685 138.551 0.884359 0.466806 -0.000645176 91.9907 -0.0224757 0.0439603 0.99878 0.667173
0.465574 -0.883614 0.0496642 138.851 0.884787 0.465981 -0.00376006 92.5842 -0.0198201 0.0456928 0.998759 0.67687
0.466555 -0.883056 0.0503779 139.187 0.884384 0.466632 -0.0109301 93.1857 -0.0138561 0.0496528 0.99867 0.692124
0.467173 -0.883025 0.0448993 139.516 0.884152 0.466843 -0.0182288 93.7922 -0.00486444 0.0482138 0.998825 0.692328
0.46838 -0.882506 0.042456 139.803 0.883527 0.467842 -0.0224428 94.3632 -5.67771e-05 0.0480228 0.998846 0.703852
0.468088 -0.882814 0.0391687 140.121 0.883681 0.467688 -0.0193756 94.9808 -0.00121372 0.0436821 0.999045 0.702357
0.467216 -0.883266 0.03937 140.428 0.884115 0.467094 -0.0128033 95.5755 -0.00708079 0.0407895 0.999143 0.642742
0.466316 -0.883607 0.0422961 140.757 0.884523 0.466433 -0.0076599 96.1604 -0.01296 0.0409838 0.999076 0.632873
0.46617 -0.883403 0.0478061 141.04 0.884525 0.46646 -0.00557425 96.7342 -0.0173753 0.0448842 0.998841 0.683806
0.464942 -0.88403 0.0481544 141.357 0.885072 0.465454 -0.000660831 97.3254 -0.0218295 0.0429274 0.99884 0.687957
0.46275 -0.884978 0.0517422 141.612 0.886178 0.463345 -0.000541049 97.8061 -0.0234957 0.0461032 0.99866 0.670813
0.458406 -0.886917 0.0569453 141.897 0.888427 0.459009 -0.00278305 98.3549 -0.02367 0.0518675 0.998373 0.675105
0.451291 -0.890368 0.059853 142.123 0.892146 0.451683 -0.00757369 98.8109 -0.0202912 0.0568156 0.998178 0.698739
0.443346 -0.894422 0.0587612 142.344 0.896194 0.44354 -0.0104113 99.2997 -0.0167509 0.0572772 0.998218 0.680517
0.43102 -0.900737 0.0538128 142.552 0.902254 0.431048 -0.0116803 99.8279 -0.0126751 0.0535872 0.998483 0.656138
0.41399 -0.908607 0.0551869 142.78 0.910227 0.413869 -0.0141508 100.244 -0.00998266 0.0560909 0.998376 0.649196
0.395529 -0.916664 0.0573038 142.929 0.918403 0.39539 -0.0142227 100.707 -0.0096199 0.0582535 0.998255 0.65542
0.373816 -0.925624 0.059006 143.115 0.927444 0.373752 -0.0125349 101.246 -0.0104511 0.0594105 0.998179 0.674151
0.34854 -0.935468 0.0584736 143.257 0.937222 0.348609 -0.00933977 101.724 -0.0116474 0.058058 0.998245 0.671975
0.319507 -0.945669 0.0602195 143.379 0.947518 0.319589 -0.00851423 102.197 -0.0111939 0.0597794 0.998149 0.709299
0.285518 -0.956534 0.0593437 143.435 0.958339 0.285487 -0.00917093 102.677 -0.00816956 0.0594898 0.998195 0.741858
0.246229 -0.967699 0.0541249 143.521 0.969209 0.245973 -0.0114456 103.144 -0.00223733 0.0552766 0.998469 0.73268
0.203533 -0.977796 0.0498941 143.589 0.979057 0.203024 -0.0151165 103.693 0.00465115 0.0519258 0.99864 0.731683
0.158234 -0.986347 0.0456332 143.626 0.987379 0.157749 -0.0140676 104.141 0.0066769 0.0472832 0.998859 0.724304
0.108972 -0.993395 0.0359321 143.626 0.994004 0.108569 -0.0129879 104.582 0.00900099 0.0371319 0.99927 0.775868
0.0567674 -0.998128 0.0227414 143.56 0.99832 0.0564845 -0.0128935 105.057 0.0115849 0.0234351 0.999658 0.75529
0.0027556 -0.999911 0.013085 143.5 0.9999 0.00257332 -0.0139269 105.51 0.013892 0.0131221 0.999817 0.746071
-0.0554009 -0.998449 0.00553135 143.482 0.998336 -0.0554816 -0.0156907 105.972 0.0159733 0.00465286 0.999861 0.770188
-0.116298 -0.993205 -0.00437489 143.379 0.993114 -0.116222 -0.0147195 106.376 0.014111 -0.0060566 0.999882 0.740307
-0.173035 -0.984879 -0.00844496 143.245 0.984874 -0.172943 -0.0106768 106.748 0.00905488 -0.0101647 0.999907 0.74427
-0.229662 -0.973169 -0.014063 143.07 0.97327 -0.229632 -0.00375281 107.118 0.000422818 -0.0145489 0.999894 0.760606
-0.283266 -0.958656 -0.0271765 142.917 0.958922 -0.283565 0.00777418 107.513 -0.0151591 -0.023858 0.9996 0.741058
-0.336686 -0.940978 -0.0346867 142.747 0.941339 -0.337253 0.0119008 107.902 -0.0228965 -0.0286451 0.999327 0.753906
-0.389813 -0.920106 -0.0380967 142.528 0.9205 -0.390523 0.0131259 108.295 -0.0269548 -0.0299513 0.999188 0.741822
-0.441601 -0.896337 -0.0395978 142.331 0.896719 -0.442391 0.0136142 108.667 -0.0297206 -0.0294961 0.999123 0.721528
-0.492156 -0.869736 -0.0366393 142.096 0.869969 -0.492896 0.0144305 108.997 -0.0306101 -0.024773 0.999224 0.709956
-0.541968 -0.839773 -0.0324304 141.859 0.839873 -0.542591 0.0144605 109.305 -0.0297399 -0.0194003 0.999369 0.693172
-0.590659 -0.806553 -0.024388 141.609 0.806556 -0.591031 0.0122235 109.629 -0.0242729 -0.0124503 0.999628 0.687439
-0.637527 -0.770179 -0.0196069 141.302 0.770171 -0.637765 0.00960023 109.936 -0.0198985 -0.00898028 0.999762 0.670684
-0.679229 -0.733691 -0.0185778 141.006 0.733721 -0.67942 0.00644655 110.23 -0.0173519 -0.00925227 0.999807 0.669161
-0.716006 -0.697788 -0.0206619 140.674 0.697879 -0.716206 0.00359306 110.53 -0.0173054 -0.0118469 0.99978 0.673668
-0.7477 -0.663725 -0.0203263 140.302 0.663801 -0.7479 0.00372728 110.767 -0.0176759 -0.0107057 0.999786 0.662705
-0.776429 -0.629877 -0.0203344 139.943 0.62995 -0.776628 0.00340072 111.031 -0.0179343 -0.0101693 0.999787 0.66383
-0.80168 -0.597361 -0.021644 139.563 0.59747 -0.801889 0.00175235 111.277 -0.0184029 -0.0115268 0.999764 0.632162
-0.8229 -0.567805 -0.0208057 139.191 0.56793 -0.823077 -0.000127375 111.524 -0.0170523 -0.011921 0.999784 0.638612
-0.838027 -0.545318 -0.0184323 138.77 0.54544 -0.838147 -0.00198348 111.761 -0.0143674 -0.011716 0.999828 0.63419
-0.851296 -0.524404 -0.0172094 138.29 0.524534 -0.851381 -0.00384459 112.018 -0.0126357 -0.0122998 0.999844 0.623886
-0.862997 -0.50493 -0.0167881 137.849 0.505086 -0.863044 -0.00664442 112.229 -0.0111339 -0.0142136 0.999837 0.622378
-0.873061 -0.487329 -0.0165817 137.393 0.487497 -0.873088 -0.00803168 112.491 -0.0105632 -0.0150957 0.99983 0.629303
