0.464629 -0.884993 0.030127 9.19854 0.885444 0.464729 -0.00401181 16.98 -0.0104505 0.0285398 0.999538 0.870036
0.4637 -0.885398 0.0324522 9.66506 0.88589 0.463892 -0.00177412 17.8801 -0.0134835 0.0295718 0.999472 0.859702
0.463531 -0.885508 0.0318511 10.1268 0.885931 0.463814 0.00173439 18.7662 -0.0163088 0.027414 0.999491 0.866664
0.463072 -0.885751 0.0317774 10.578 0.886116 0.463438 0.00486745 19.6721 -0.0190382 0.0259045 0.999483 0.856681
0.462983 -0.885802 0.0316542 11.0359 0.886165 0.463344 0.00480148 20.5524 -0.01892 0.0258279 0.999487 0.845873
0.462814 -0.885853 0.032679 11.4978 0.886283 0.463137 0.00267701 21.4457 -0.0175063 0.0277239 0.999462 0.840378
0.463142 -0.885819 0.0287125 11.9429 0.886148 0.463396 0.00253157 22.3258 -0.0155478 0.0242711 0.999585 0.836631
0.462448 -0.886241 0.0268104 12.4004 0.886516 0.462687 0.00316408 23.2162 -0.0152089 0.0223046 0.999636 0.830898
0.461288 -0.886744 0.0299804 12.8577 0.887097 0.461573 0.00300609 24.0915 -0.0165038 0.0252088 0.999546 0.829275
0.460746 -0.887043 0.0294684 13.3158 0.887362 0.461054 0.00427333 24.9778 -0.0173771 0.0241802 0.999557 0.825416
0.460367 -0.887171 0.0314459 13.7575 0.887593 0.460627 0.00115189 25.8463 -0.0155068 0.0273809 0.999505 0.820456
0.460342 -0.887346 0.026515 14.2016 0.887681 0.460454 -0.00206501 26.7162 -0.0103766 0.0244875 0.999646 0.778631
0.4599 -0.887745 0.0200416 14.6545 0.887935 0.459967 -0.00137646 27.5725 -0.00799653 0.0184287 0.999798 0.801682
0.460071 -0.887711 0.0174131 15.1255 0.887815 0.460189 0.0032369 28.4412 -0.0108867 0.0139704 0.999843 0.800549
0.460558 -0.887304 0.024053 15.6129 0.887514 0.460767 0.0037011 29.2906 -0.0143668 0.0196428 0.999704 0.777007
0.460573 -0.887221 0.0266805 16.0557 0.887489 0.460816 0.00346092 30.1502 -0.0153654 0.0220847 0.999638 0.766796
0.459749 -0.887617 0.0276946 16.4641 0.887927 0.45998 0.00225309 31.0168 -0.0147388 0.0235549 0.999614 0.76347
0.459967 -0.887413 0.0304889 16.9217 0.887838 0.460156 -0.000908143 31.8423 -0.0132238 0.0274869 0.999535 0.773737
0.459042 -0.887875 0.0309515 17.383 0.88831 0.459245 -0.000604907 32.7405 -0.0136772 0.0277722 0.999521 0.780742
0.458757 -0.887922 0.0337164 17.8001 0.888393 0.459079 0.00205855 33.5471 -0.0173063 0.029009 0.999429 0.77358
0.457282 -0.888445 0.0394768 18.2299 0.889058 0.457777 0.00404699 34.4263 -0.0216671 0.0332466 0.999212 0.777187
0.456003 -0.88904 0.040856 18.68 0.889626 0.456634 0.00718424 35.2827 -0.0250433 0.0330705 0.999139 0.755513
0.455958 -0.888877 0.0447274 19.1277 0.889701 0.456534 0.00304442 36.1142 -0.0231257 0.0384059 0.998995 0.70888
0.455521 -0.889291 0.0407765 19.5387 0.890072 0.455815 -0.00230755 36.9411 -0.0165344 0.0373451 0.999166 0.697964
0.45523 -0.889851 0.0305026 19.9332 0.890312 0.455334 -0.00383211 37.7166 -0.0104789 0.0289013 0.999527 0.723971
0.453235 -0.89119 0.0189464 20.351 0.891343 0.453329 0.000777582 38.5993 -0.00928195 0.0165354 0.99982 0.761623
0.452188 -0.891756 0.0172483 20.7199 0.891853 0.45231 0.00375877 39.3876 -0.0111535 0.0136832 0.999844 0.767905
0.452563 -0.891544 0.0183302 21.163 0.891639 0.452718 0.0051792 40.1832 -0.0129159 0.014 0.999819 0.775028
0.450716 -0.892484 0.0180701 21.5423 0.892588 0.450854 0.00419598 40.9301 -0.0118918 0.014238 0.999828 0.789156
0.44854 -0.893611 0.0164723 21.8975 0.89367 0.448683 0.00616215 41.7283 -0.0128974 0.0119568 0.999845 0.774505
0.448369 -0.893704 0.0160644 22.2655 0.893749 0.448515 0.00689263 42.4776 -0.0133651 0.0112671 0.999847 0.79627
0.44696 -0.89438 0.0176671 22.607 0.894447 0.447125 0.0066351 43.2519 -0.0138337 0.0128367 0.999822 0.788943
0.446004 -0.894857 0.017664 22.9862 0.894917 0.446175 0.00717385 43.9999 -0.0143008 0.0126082 0.999818 0.789677
0.44445 -0.895721 0.0121753 23.3476 0.89566 0.444581 0.0118946 44.7097 -0.0160672 0.00561838 0.999855 0.831167
0.443575 -0.896184 0.00979322 23.681 0.896019 0.443682 0.0172052 45.4515 -0.0197641 0.00114313 0.999804 0.825747
0.441086 -0.897346 0.0145816 23.9957 0.897207 0.441291 0.0168169 46.1414 -0.0215253 0.00566499 0.999752 0.821174
0.439568 -0.898121 0.0126187 24.305 0.898012 0.439722 0.0147867 46.8299 -0.018829 0.00483198 0.999811 0.801737
0.43836 -0.898711 0.0126129 24.6254 0.898714 0.438469 0.00769039 47.4601 -0.0124418 0.00796421 0.999891 0.791178
0.437159 -0.89936 0.00660937 24.9193 0.899367 0.437184 0.00293616 48.159 -0.00553018 0.00466068 0.999974 0.808553
0.436787 -0.899554 0.00447164 25.2068 0.899554 0.436801 0.00264775 48.7555 -0.00433501 0.00286599 0.999986 0.803139
0.436023 -0.899931 -0.00304257 25.4928 0.899912 0.435984 0.00873637 49.375 -0.00653561 -0.0065473 0.999957 0.852184
0.434636 -0.900606 0.000586048 25.7915 0.900555 0.434618 0.0104051 49.9329 -0.00962563 -0.00399467 0.999946 0.838265
0.433424 -0.90118 0.00426596 26.0535 0.901155 0.433444 0.00683071 50.5279 -0.00800475 0.000883704 0.999968 0.835685
0.43442 -0.900635 0.0116439 26.3394 0.900705 0.434425 -0.00224727 51.0702 -0.00303442 0.011464 0.99993 0.819896
0.434454 -0.900625 0.0111868 26.605 0.900692 0.434393 -0.00751487 51.6331 0.00190862 0.0133407 0.999909 0.846951
0.437296 -0.899288 0.00726028 26.8571 0.899313 0.437255 -0.00664754 52.1625 0.00280347 0.00943621 0.999952 0.860382
0.440594 -0.897702 0.00303867 27.1124 0.897706 0.440587 -0.0025443 52.6909 0.000945218 0.00384884 0.999992 0.856552
0.445074 -0.895481 0.00481779 27.3742 0.895489 0.445083 0.000741748 53.1554 -0.00280854 0.00398415 0.999988 0.869502
0.450384 -0.892797 0.00826057 27.599 0.892805 0.450425 0.00396632 53.6326 -0.00726189 0.00558871 0.999958 0.88856
0.457637 -0.889034 0.0136773 27.8872 0.889083 0.457727 0.00418015 54.1382 -0.00997678 0.0102473 0.999898 0.913476
0.467136 -0.884084 0.0133853 28.1063 0.884108 0.467242 0.00619209 54.5513 -0.0117285 0.0089415 0.999891 0.927304
0.47954 -0.877459 0.0103315 28.3347 0.877441 0.479621 0.0077452 55.0277 -0.0117513 0.00535117 0.999917 0.936339
0.496052 -0.868253 0.0083253 28.5398 0.868215 0.496113 0.00863418 55.4341 -0.0116269 0.00294514 0.999928 0.93294
0.515514 -0.856852 0.00717948 28.7829 0.856785 0.515563 0.0107159 55.8396 -0.0128834 0.000627087 0.999917 0.947463
0.540555 -0.841206 0.0131334 28.9743 0.841173 0.540682 0.00950999 56.2695 -0.0151009 0.00590683 0.999869 0.921789
0.565137 -0.824854 0.0153733 29.2035 0.824775 0.565319 0.0126713 56.6041 -0.0191428 0.0055185 0.999802 0.926586
0.591727 -0.805995 0.0152281 29.5031 0.805869 0.591912 0.0146802 56.9872 -0.0208459 0.00358522 0.999776 0.931809
0.624188 -0.781073 0.017732 29.6858 0.780981 0.624415 0.0132514 57.3603 -0.0214225 0.00557698 0.999755 0.951481
0.656199 -0.754372 0.0180688 29.9537 0.754265 0.65643 0.0135742 57.6568 -0.0221009 0.00472128 0.999745 0.949791
0.687967 -0.725511 0.0183173 30.2686 0.725384 0.688201 0.0140578 57.9353 -0.0228051 0.00361579 0.999733 0.959959
0.723612 -0.690042 0.0151023 30.6039 0.689863 0.723769 0.0157765 58.1831 -0.021817 -0.000997536 0.999762 0.915238
0.757567 -0.652637 0.0125456 31.0022 0.652482 0.757666 0.0144891 58.397 -0.0189615 -0.00279069 0.999816 0.91948
0.794806 -0.606749 0.011803 31.2681 0.606612 0.794886 0.0133883 58.6714 -0.0175054 -0.00348125 0.999841 0.929417
0.830886 -0.556334 0.0109937 31.6056 0.556203 0.830946 0.0129282 58.873 -0.0163276 -0.0046271 0.999856 0.938004
0.86474 -0.502133 0.00936258 31.9085 0.502017 0.86477 0.0122822 59.0706 -0.0142638 -0.0059207 0.999881 0.911308
0.896169 -0.443608 0.00959693 32.241 0.443514 0.896206 0.0105213 59.2264 -0.0132681 -0.00517248 0.999899 0.913397
0.923303 -0.383943 0.00995595 32.5566 0.383853 0.923342 0.00987277 59.327 -0.0129833 -0.00529393 0.999902 0.923433
0.946034 -0.323837 0.0122438 32.9301 0.323729 0.946097 0.00998384 59.4639 -0.0148169 -0.00548138 0.999875 0.937771
0.964747 -0.262824 0.0137035 33.294 0.262665 0.964808 0.0123434 59.4876 -0.0164654 -0.00830881 0.99983 0.916347
0.979295 -0.201868 0.015172 33.6834 0.201703 0.979376 0.0117689 59.5662 -0.0172348 -0.00846503 0.999816 0.901419
0.989651 -0.142784 0.0142877 34.0708 0.142665 0.98973 0.00899586 59.5644 -0.0154254 -0.00686441 0.999857 0.882481
0.996405 -0.0836029 0.0137014 34.4275 0.0835241 0.996486 0.00622702 59.5662 -0.0141738 -0.00506024 0.999887 0.886584
0.99952 -0.0271125 0.0149795 34.8125 0.0270296 0.999618 0.00571433 59.6109 -0.0151287 -0.00530669 0.999871 0.919723
0.999501 0.0279317 0.0147774 35.203 -0.0280956 0.999545 0.0110016 59.587 -0.0144634 -0.0114113 0.99983 0.909529
0.99675 0.0793989 0.0135962 35.6174 -0.0795728 0.996747 0.012763 59.5771 -0.0125386 -0.0138034 0.999826 0.907642
0.991772 0.127532 0.0111491 35.9612 -0.127583 0.99182 0.00399972 59.5106 -0.0105478 -0.00538925 0.99993 0.878782
0.985276 0.17062 0.0109328 36.3574 -0.170561 0.985328 -0.00616305 59.4306 -0.0118239 0.0042076 0.999921 0.874178
0.977817 0.209027 0.0134929 36.7379 -0.208871 0.977869 -0.0120577 59.3609 -0.0157146 0.00897198 0.999836 0.901183
0.970021 0.24261 0.0141314 37.1017 -0.242501 0.97011 -0.00896818 59.2374 -0.0158848 0.00527244 0.99986 0.931721
0.961664 0.273956 0.0122303 37.5012 -0.273985 0.961734 0.000678638 59.1925 -0.0115764 -0.00400354 0.999925 0.953649
0.953245 0.302042 0.0097489 37.8958 -0.302102 0.95326 0.00539797 59.0527 -0.00766283 -0.00809075 0.999938 0.923613
0.944974 0.32707 0.00705966 38.294 -0.32711 0.94497 0.00551573 58.9407 -0.00486714 -0.0075215 0.99996 0.907863
0.936854 0.349704 0.00328284 38.698 -0.349711 0.936856 0.00170285 58.8007 -0.00248005 -0.00274337 0.999993 0.883729
0.929008 0.370044 -0.00324575 39.0632 -0.370052 0.929009 -0.00206698 58.6334 0.00225046 0.00312133 0.999993 0.881716
0.921525 0.388174 -0.010595 39.4556 -0.388219 0.921564 -0.00248469 58.4338 0.00879952 0.0064029 0.999941 0.90647
0.914405 0.404668 -0.0103905 39.8841 -0.404684 0.914456 0.000578126 58.2702 0.00973562 0.00367624 0.999946 0.891877
0.907784 0.419394 -0.00616331 40.3364 -0.419388 0.907804 0.00219096 58.1229 0.00651395 0.000595902 0.999979 0.889812
0.901563 0.432641 -0.00251953 40.7456 -0.432638 0.901566 0.00172282 57.9143 0.00301689 -0.000463184 0.999995 0.910705
0.895653 0.444751 -0.00137427 41.1906 -0.444751 0.895654 4.45014e-05 57.6903 0.00125066 0.000571352 0.999999 0.910871
0.889656 0.456629 -0.00176186 41.6234 -0.456632 0.889649 -0.00336367 57.433 3.14917e-05 0.00379703 0.999993 0.906215
0.884852 0.465858 -0.00366199 42.042 -0.465872 0.884837 -0.0051448 57.2071 0.000843519 0.0062584 0.99998 0.903763
0.88071 0.473605 -0.00701626 42.5625 -0.473652 0.880667 -0.00885286 56.9304 0.00198624 0.0111201 0.999936 0.925114
0.877942 0.478704 -0.00770318 43.0432 -0.478762 0.877888 -0.0099366 56.6819 0.00200584 0.0124118 0.999921 0.908642
0.875729 0.482719 -0.00899242 43.5578 -0.482797 0.875659 -0.0113565 56.3916 0.0023923 0.0142867 0.999895 0.903896
0.872605 0.488344 -0.00896058 44.0596 -0.488416 0.872559 -0.00954336 56.1089 0.00315819 0.0127041 0.999914 0.90587
0.869904 0.493127 -0.00966248 44.5947 -0.493207 0.869859 -0.00954825 55.7926 0.00369649 0.0130717 0.999908 0.901913
0.868105 0.496276 -0.0102196 45.1703 -0.496369 0.868045 -0.0107638 55.4671 0.00352924 0.0144168 0.99989 0.88079
0.866778 0.498593 -0.0100509 45.7118 -0.498685 0.866712 -0.011126 55.1536 0.00316387 0.014656 0.999888 0.888111
0.86585 0.500186 -0.010815 46.2722 -0.500293 0.865767 -0.0124098 54.8328 0.00315608 0.0161557 0.999865 0.896674
0.865264 0.501155 -0.0127187 46.8593 -0.501309 0.865111 -0.0165127 54.4845 0.00272764 0.0206638 0.999783 0.912895
0.865624 0.500503 -0.013874 47.4406 -0.500689 0.865413 -0.0192735 54.1376 0.0023603 0.0236302 0.999718 0.909054
0.866988 0.498073 -0.0160062 48.1011 -0.498321 0.866718 -0.0218132 53.761 0.0030083 0.026888 0.999634 0.910839
0.868235 0.495859 -0.0170694 48.7188 -0.496145 0.867895 -0.0244664 53.4033 0.00268257 0.0297115 0.999555 0.914987
0.870738 0.491422 -0.0178785 49.3809 -0.491739 0.870354 -0.0259976 53.039 0.00278487 0.0314286 0.999502 0.940709
0.872865 0.487612 -0.0184894 50.0317 -0.487958 0.872395 -0.0287215 52.673 0.00212505 0.034092 0.999416 0.930282
0.874761 0.484243 -0.017352 50.7057 -0.484554 0.874225 -0.0306459 52.3269 0.00032942 0.0352158 0.99938 0.929583
0.876536 0.481021 -0.0174171 51.5027 -0.481336 0.875949 -0.0320709 51.9232 -0.000170268 0.0364947 0.999334 0.939495
0.878439 0.477594 -0.0157796 52.0962 -0.477853 0.877877 -0.0314369 51.6071 -0.00116154 0.0351557 0.999381 0.940513
0.880556 0.473722 -0.0144259 52.8333 -0.473938 0.880027 -0.0305699 51.2169 -0.00178642 0.0337555 0.999429 0.954181
0.882054 0.470915 -0.0148408 53.5581 -0.471147 0.88171 -0.0246563 50.8493 0.00147423 0.0287403 0.999586 0.953054
0.882477 0.470035 -0.0173411 54.2752 -0.4703 0.882338 -0.0172581 50.4717 0.00718883 0.0233854 0.999701 0.954357
0.882369 0.470263 -0.0166587 55.002 -0.470464 0.882349 -0.0111705 50.1011 0.00944571 0.0176939 0.999799 0.949111
0.88221 0.470624 -0.0147599 55.735 -0.470765 0.882223 -0.00798227 49.7327 0.00926485 0.0139905 0.999859 0.968301
0.882445 0.470236 -0.0130269 56.4786 -0.470349 0.882448 -0.00752333 49.325 0.0079578 0.0127661 0.999887 0.988592
0.882531 0.47013 -0.0108046 57.1829 -0.470203 0.88254 -0.00561782 48.9548 0.00689437 0.0100382 0.999926 0.995695
0.882721 0.469794 -0.00991367 57.8986 -0.469852 0.882734 -0.00455554 48.5881 0.00661096 0.00867922 0.99994 1.01832
0.883038 0.469214 -0.00904661 58.6448 -0.469257 0.883056 -0.00323369 48.2038 0.00647137 0.00710065 0.999954 1.04566
0.88283 0.469618 -0.00831552 59.4166 -0.469634 0.882861 8.64132e-05 47.8159 0.00738203 0.00382896 0.999965 1.03447
0.882613 0.470023 -0.00855202 60.1269 -0.470024 0.882651 0.00201684 47.4694 0.00849641 0.00223957 0.999961 1.05468
0.881443 0.472237 -0.00708256 60.8293 -0.472236 0.88147 0.00191221 47.0818 0.00714608 0.00165913 0.999973 1.06645
0.879677 0.475545 -0.00505601 61.5155 -0.475539 0.879691 0.00235421 46.7071 0.00556726 0.000333383 0.999984 1.06326
0.877505 0.479561 -0.00247659 62.2931 -0.479554 0.877507 0.00319573 46.3121 0.00370577 -0.00161661 0.999992 1.09487
0.874321 0.485348 0.000941448 63.0009 -0.485344 0.874302 0.00602425 45.9362 0.00210075 -0.00572405 0.999981 1.11734
0.870738 0.49174 0.0027623 63.6962 -0.491743 0.870693 0.00904328 45.5395 0.00204182 -0.00923267 0.999955 1.12772
0.866254 0.499602 0.00120303 64.4156 -0.499599 0.866235 0.00619459 45.1177 0.00205273 -0.00596713 0.99998 1.12795
0.861133 0.508378 0.000777528 65.1064 -0.508371 0.861111 0.0068438 44.7237 0.0028097 -0.0062887 0.999976 1.15993
0.855525 0.51776 0.00125381 65.8159 -0.517756 0.855503 0.00659131 44.3054 0.00234007 -0.00628821 0.999978 1.1649
0.850063 0.526668 0.00374435 66.522 -0.526681 0.850033 0.00714899 43.9005 0.000582319 -0.00804917 0.999968 1.19441
0.843986 0.536335 0.00569145 67.1044 -0.536365 0.843947 0.00817541 43.5279 -0.000418521 -0.00995263 0.99995 1.21713
0.83837 0.545063 0.00643209 67.7856 -0.5451 0.838289 0.0117535 43.0765 0.00101444 -0.0133599 0.99991 1.22759
0.831206 0.555944 0.00480155 68.4686 -0.555963 0.831149 0.00982085 42.6519 0.00146904 -0.0108326 0.99994 1.24625
0.826102 0.563512 0.00304608 69.1056 -0.563518 0.826072 0.00727418 42.2132 0.0015828 -0.00772573 0.999969 1.24394
0.820138 0.572164 0.00157895 69.7385 -0.572159 0.82011 0.00733346 41.769 0.00290103 -0.00691786 0.999972 1.26602
0.814415 0.58028 0.00188575 70.3413 -0.580273 0.814378 0.00850386 41.3161 0.0033989 -0.00801992 0.999962 1.26361
0.808775 0.588115 0.00211962 70.9629 -0.588103 0.808721 0.0102836 40.8887 0.00433376 -0.0095637 0.999945 1.28295
0.802937 0.596062 0.00132816 71.5599 -0.596051 0.802903 0.00834307 40.4531 0.0039066 -0.00749061 0.999964 1.30298
0.797701 0.603052 -0.00101488 72.1628 -0.603044 0.797697 0.00407393 39.9834 0.00326636 -0.00263777 0.999991 1.32078
0.794245 0.607597 0.00100664 72.7139 -0.607592 0.79423 0.00558046 39.5989 0.00259116 -0.00504388 0.999984 1.29798
0.790903 0.611941 0.00113588 73.2904 -0.611942 0.790902 0.00142295 39.1477 -2.761e-05 -0.00182051 0.999998 1.32872
0.788276 0.615309 0.00398515 73.8951 -0.615322 0.78826 0.00504408 38.6415 -3.76645e-05 -0.00642828 0.999979 1.31574
0.787057 0.616858 0.0051491 74.4042 -0.616877 0.787051 0.00370264 38.2471 -0.0017686 -0.00609055 0.99998 1.33803
0.78598 0.61822 0.00623542 74.9883 -0.618249 0.785969 0.00467842 37.8041 -0.00200856 -0.00753218 0.99997 1.34361
0.785456 0.618912 0.0025502 75.4656 -0.618914 0.785459 -0.000219844 37.4096 -0.00213914 -0.00140568 0.999997 1.32303
0.786562 0.617512 -0.000449425 76.0479 -0.617511 0.786559 -0.0023078 36.9681 -0.0010716 0.00209275 0.999997 1.33563
0.787388 0.616448 -0.00344807 76.5106 -0.616457 0.787371 -0.00519437 36.6021 -0.000487149 0.00621557 0.999981 1.34818
0.79075 0.61212 -0.00489266 77.0382 -0.61214 0.790727 -0.00592281 36.2007 0.000243297 0.00767845 0.999971 1.35515
0.795576 0.605831 -0.00523124 77.4923 -0.605853 0.795558 -0.00547627 35.8615 0.00084406 0.00752616 0.999971 1.35138
0.801577 0.597882 -0.00340763 77.9711 -0.59789 0.801575 -0.00230264 35.468 0.00135476 0.00388313 0.999992 1.36009
0.810382 0.585878 -0.00532883 78.4629 -0.5859 0.81037 -0.00466878 35.1487 0.00158299 0.00690566 0.999975 1.37362
0.819805 0.572603 -0.00679228 78.9007 -0.572632 0.819806 -0.00330788 34.8454 0.00367424 0.00660129 0.999971 1.37488
0.830953 0.55628 -0.00830445 79.3441 -0.556293 0.830986 0.000875115 34.5525 0.00738769 0.00389253 0.999965 1.39502
0.844164 0.536006 -0.00921206 79.8558 -0.536013 0.844208 0.00182333 34.29 0.0087542 0.0033986 0.999956 1.41799
0.857715 0.514036 -0.00959202 80.3095 -0.514014 0.857768 0.00485099 34.1034 0.0107213 0.000769659 0.999942 1.43605
0.872783 0.488004 -0.0101065 80.7542 -0.487974 0.872842 0.00542406 33.8977 0.0114683 0.000197675 0.999934 1.44734
0.889894 0.45608 -0.00888233 81.2257 -0.456055 0.889939 0.00480171 33.6949 0.0100947 -0.000222184 0.999949 1.43575
0.907431 0.42013 -0.00774483 81.7147 -0.420124 0.907463 0.00254971 33.5079 0.00809936 0.000940098 0.999967 1.4201
0.92573 0.378177 -0.00259251 82.2221 -0.378166 0.92573 0.00386724 33.3495 0.00386246 -0.00259962 0.999989 1.45957
0.942561 0.334033 0.00114723 82.7254 -0.334035 0.942553 0.00373507 33.2093 0.000166312 -0.00390375 0.999992 1.47714
0.958689 0.284427 0.00410767 83.2203 -0.284448 0.958674 0.00575303 33.1237 -0.00230161 -0.00668379 0.999975 1.51755
0.973213 0.229859 0.00457684 83.7483 -0.229887 0.973193 0.00697343 33.0606 -0.00285125 -0.00783878 0.999965 1.50327
0.985339 0.17059 0.00226508 84.2576 -0.170599 0.985331 0.00431173 33.0309 -0.00149632 -0.00463493 0.999988 1.50287
0.994439 0.105305 -0.0012714 84.7211 -0.105299 0.994432 0.00411625 33.0162 0.00169778 -0.00395948 0.999991 1.53756
0.999299 0.0371132 -0.00491347 85.2207 -0.0371065 0.99931 0.00144035 33.0291 0.00496353 -0.00125702 0.999987 1.54029
0.999437 -0.0318771 -0.01051 85.7372 0.0319025 0.999489 0.00225367 33.064 0.0104328 -0.00258769 0.999942 1.54393
0.994725 -0.101704 -0.0134026 86.199 0.101773 0.994797 0.00457677 33.1379 0.0128674 -0.00591665 0.9999 1.52631
0.985259 -0.170368 -0.0154698 86.6271 0.170444 0.98536 0.00371197 33.2553 0.0146109 -0.00629398 0.999873 1.54746
0.970912 -0.23891 -0.0158999 87.0828 0.238945 0.971033 0.000301905 33.4247 0.0153672 -0.00409233 0.999874 1.51967
0.952214 -0.305187 -0.0121873 87.509 0.305215 0.952284 0.000399728 33.5702 0.0114837 -0.00410036 0.999926 1.53589
0.929691 -0.368279 -0.00667056 87.9179 0.368303 0.929702 0.00262219 33.7704 0.00523594 -0.00489461 0.999974 1.53031
0.903259 -0.429087 -0.00291385 88.3409 0.429096 0.903251 0.00388352 34.0162 0.000965565 -0.00475814 0.999988 1.54585
0.874979 -0.48416 0.000971306 88.7333 0.48415 0.874972 0.00477582 34.2631 -0.00316213 -0.00370849 0.999988 1.53712
0.845237 -0.534366 0.00534632 89.1121 0.534312 0.845241 0.00882161 34.5298 -0.0092329 -0.00459974 0.999947 1.57576
0.817082 -0.576488 0.00622605 89.4412 0.576385 0.817076 0.0129181 34.8109 -0.0125343 -0.00696651 0.999897 1.5883
0.789767 -0.613394 0.00410256 89.7736 0.613217 0.789671 0.0196364 35.1017 -0.0152845 -0.0129924 0.999799 1.59655
0.765861 -0.643007 -0.000282465 90.122 0.642869 0.765687 0.021041 35.3811 -0.0133132 -0.0162961 0.999779 1.59179
0.744047 -0.668119 -0.00335736 90.4414 0.66803 0.743843 0.0208105 35.7244 -0.0114065 -0.0177268 0.999778 1.53747
0.72869 -0.684842 -0.00126907 90.7441 0.684772 0.728586 0.0158021 36.0291 -0.00989735 -0.0123839 0.999874 1.53541
0.71544 -0.698673 0.00129025 91.1057 0.698592 0.715382 0.0140961 36.3539 -0.0107716 -0.00918353 0.9999 1.53778
0.705983 -0.708228 -0.000655862 91.4523 0.708106 0.705844 0.0192322 36.7095 -0.0131578 -0.014042 0.999815 1.56927
0.698824 -0.715282 -0.00405358 91.7997 0.715158 0.69857 0.0234303 37.0678 -0.0139276 -0.0192726 0.999717 1.55511
0.696065 -0.717932 -0.00814935 92.1586 0.717896 0.695767 0.0231021 37.4737 -0.0109157 -0.021931 0.9997 1.55457
0.694672 -0.71917 -0.0150015 92.5518 0.719288 0.694271 0.0247483 37.8996 -0.00738316 -0.0279824 0.999581 1.52625
0.694133 -0.719663 -0.0162564 92.8847 0.719833 0.693805 0.0217983 38.2397 -0.00440867 -0.0268327 0.99963 1.52078
0.695545 -0.71826 -0.0178866 93.2864 0.718481 0.695276 0.0194108 38.6894 -0.0015059 -0.0263523 0.999652 1.50806
0.699321 -0.714549 -0.0192428 93.6733 0.714799 0.699198 0.0136033 39.0688 0.00373434 -0.0232678 0.999722 1.51771
0.702413 -0.711415 -0.0224626 94.0761 0.711739 0.702327 0.0128609 39.5037 0.00662666 -0.0250211 0.999665 1.5281
0.705484 -0.708243 -0.0261718 94.4831 0.708702 0.705281 0.0178776 39.9251 0.00579677 -0.0311604 0.999498 1.53627
0.709623 -0.704075 -0.0267123 94.9247 0.704575 0.709266 0.0226901 40.3537 0.00297057 -0.0349222 0.999386 1.53539
0.713361 -0.70044 -0.0223562 95.3656 0.700796 0.713039 0.0214748 40.8029 0.000899074 -0.0309864 0.999519 1.54721
0.717063 -0.69677 -0.0182296 95.8054 0.697004 0.716714 0.0225079 41.2589 -0.00261743 -0.0288457 0.99958 1.5335
0.719363 -0.69452 -0.012644 96.2813 0.694588 0.718982 0.0247583 41.7273 -0.00810428 -0.0265926 0.999614 1.52094
0.721008 -0.692879 -0.00812869 96.7671 0.692856 0.720717 0.0227253 42.1583 -0.0098874 -0.0220171 0.999709 1.51121
0.72161 -0.692281 -0.00514449 97.2621 0.692282 0.721516 0.0126353 42.6311 -0.00503538 -0.0126792 0.999907 1.5273
0.722186 -0.691654 -0.00789327 97.7361 0.691699 0.722151 0.0071385 43.1179 0.000762757 -0.0106151 0.999943 1.54879
0.720935 -0.692788 -0.0172732 98.2603 0.692975 0.720906 0.00895894 43.5912 0.00624569 -0.0184287 0.999811 1.5288
0.718905 -0.694723 -0.0231688 98.7474 0.695036 0.718912 0.00949826 44.0934 0.0100577 -0.0229315 0.999686 1.53373
0.716892 -0.696812 -0.0227889 99.245 0.697143 0.716822 0.0125641 44.5895 0.00758082 -0.0248942 0.999661 1.53339
0.715716 -0.698194 -0.0166452 99.7765 0.69839 0.715562 0.0149032 45.1052 0.00150535 -0.0222913 0.99975 1.5399
0.713149 -0.700928 -0.010923 100.277 0.701002 0.712962 0.0167667 45.5855 -0.00396458 -0.0196142 0.9998 1.54615
0.711421 -0.702719 -0.00821526 100.844 0.70276 0.711316 0.0125547 46.1325 -0.00297875 -0.014705 0.999887 1.51928
0.709871 -0.70418 -0.0146536 101.33 0.704329 0.709777 0.0116941 46.6658 0.00216608 -0.0186222 0.999824 1.55273
0.707637 -0.706363 -0.0173568 101.894 0.706553 0.707597 0.00938959 47.2274 0.00564915 -0.0189079 0.999805 1.56511
0.705286 -0.708715 -0.0171715 102.426 0.708874 0.705316 0.00527792 47.8011 0.0083708 -0.0158949 0.999839 1.57164
0.703049 -0.710938 -0.0169768 102.967 0.711085 0.703094 0.00418734 48.3749 0.00895938 -0.0150159 0.999847 1.58876
0.70019 -0.713778 -0.0159966 103.551 0.713924 0.700197 0.00603968 48.9578 0.00688979 -0.0156493 0.999854 1.57172
0.699094 -0.714864 -0.0153689 104.112 0.715006 0.699085 0.00684121 49.5155 0.00585367 -0.0157715 0.999858 1.56727
0.698764 -0.715205 -0.0145462 104.698 0.715339 0.69873 0.00810733 50.0669 0.00436544 -0.0160705 0.999861 1.56539
0.697706 -0.716309 -0.0103293 105.304 0.716376 0.697695 0.00527952 50.6566 0.00342493 -0.0110832 0.999933 1.56141
0.697203 -0.716781 -0.0115282 105.877 0.716874 0.69711 0.0113911 51.2698 -0.000128535 -0.0162062 0.999869 1.55116
0.697522 -0.716455 -0.0124463 106.445 0.716561 0.697459 0.00953503 51.8822 0.00184937 -0.0155694 0.999877 1.58197
0.698162 -0.715697 -0.0186564 107.018 0.715923 0.698088 0.011306 52.5274 0.00493207 -0.02125 0.999762 1.60844
0.699553 -0.714165 -0.0243818 107.573 0.714557 0.6994 0.0157367 53.138 0.00581404 -0.0284308 0.999579 1.62167
0.700789 -0.712781 -0.0289643 108.178 0.713354 0.700458 0.0220257 53.744 0.00458878 -0.0360972 0.999338 1.63722
0.703979 -0.709477 -0.0325029 108.786 0.710214 0.703432 0.0279191 54.3805 0.00305564 -0.0427385 0.999082 1.60846
0.705111 -0.708379 -0.0319095 109.374 0.709086 0.704636 0.0261763 54.9812 0.00394182 -0.0410837 0.999148 1.62452
0.705861 -0.707613 -0.032323 109.983 0.708334 0.705422 0.0253649 55.5895 0.00485282 -0.0407995 0.999156 1.63305
0.707541 -0.706008 -0.0306321 110.58 0.706653 0.707174 0.0233525 56.2023 0.0051752 -0.0381691 0.999258 1.63205
0.707495 -0.706198 -0.0271185 111.2 0.706692 0.70728 0.0184705 56.7475 0.00613648 -0.0322322 0.999462 1.66909
0.708224 -0.705587 -0.0238009 111.828 0.705969 0.708049 0.016569 57.3898 0.00516132 -0.0285372 0.999579 1.67356
0.709065 -0.704728 -0.0241956 112.432 0.705131 0.708836 0.0184686 58.0122 0.00413539 -0.0301565 0.999537 1.70691
0.710035 -0.703731 -0.0247567 113.035 0.704166 0.709579 0.025448 58.6025 -0.000341696 -0.0355018 0.99937 1.70402
0.711617 -0.702203 -0.0226458 113.643 0.702545 0.710968 0.0308965 59.2328 -0.00559515 -0.0378961 0.999266 1.69402
0.712115 -0.70157 -0.0263122 114.249 0.702063 0.711648 0.0257906 59.8253 0.000631077 -0.0368387 0.999321 1.68975
0.712633 -0.700874 -0.0304774 114.845 0.701377 0.712725 0.00963837 60.3855 0.0149667 -0.0282448 0.999489 1.68615
0.711577 -0.701843 -0.0327808 115.434 0.702259 0.71192 0.0016833 60.9799 0.0221559 -0.0242184 0.999461 1.75996
0.711075 -0.702557 -0.0280269 116.039 0.702985 0.711147 0.00906808 61.5808 0.0135604 -0.0261506 0.999566 1.79427
0.71154 -0.702403 -0.0184837 116.658 0.702645 0.711242 0.0206213 62.1805 -0.00133812 -0.0276603 0.999617 1.79435
0.710227 -0.70397 -0.00178928 117.266 0.703666 0.70984 0.0313132 62.8025 -0.0207734 -0.0234985 0.999508 1.75456
0.709622 -0.704571 -0.00408829 117.874 0.704394 0.709286 0.0272481 63.386 -0.0162984 -0.0222156 0.99962 1.72742
0.708404 -0.705571 -0.0182818 118.442 0.705808 0.708158 0.0186497 63.9776 -0.000212253 -0.0261149 0.999659 1.7641
0.707512 -0.705999 -0.031492 119.004 0.706644 0.70732 0.018781 64.5535 0.00901552 -0.0355414 0.999328 1.74213
0.706186 -0.707186 -0.0344891 119.577 0.707954 0.705971 0.0201278 65.1527 0.0101143 -0.0386307 0.999202 1.74422
0.704553 -0.708986 -0.0307344 120.156 0.709618 0.704283 0.0207095 65.7492 0.00696298 -0.0364006 0.999313 1.7534
0.701948 -0.711507 -0.032038 120.724 0.712174 0.701739 0.0192611 66.3434 0.00877788 -0.036337 0.999301 1.79096
0.698843 -0.714586 -0.0313824 121.296 0.715214 0.698684 0.0175936 66.9379 0.00935426 -0.0347403 0.999353 1.79064
0.696164 -0.717024 -0.0351105 121.873 0.717804 0.69598 0.0192352 67.5143 0.0106441 -0.0385933 0.999198 1.82341
0.693963 -0.718973 -0.0386408 122.455 0.719923 0.693714 0.0217196 68.1312 0.0111898 -0.042891 0.999017 1.8318
0.692683 -0.720248 -0.0378672 122.98 0.721194 0.692291 0.0247668 68.7222 0.00837689 -0.0444652 0.998976 1.82883
0.692124 -0.721005 -0.0334068 123.543 0.721768 0.691619 0.0267236 69.317 0.00383695 -0.042608 0.999085 1.84447
0.691123 -0.722046 -0.0315938 124.111 0.722729 0.690666 0.0253861 69.8912 0.00349078 -0.0403787 0.999178 1.83926
0.689306 -0.723778 -0.0316697 124.655 0.724441 0.689014 0.0210964 70.4587 0.00655175 -0.0374847 0.999276 1.83747
0.685947 -0.72698 -0.0312612 125.243 0.727588 0.685822 0.0162638 71.0868 0.00961615 -0.0339014 0.999379 1.88477
0.680658 -0.731997 -0.0297508 125.816 0.732515 0.68064 0.0123104 71.6623 0.0112384 -0.0301721 0.999482 1.9181
0.676226 -0.736233 -0.0260624 126.329 0.736671 0.676066 0.0158351 72.2271 0.00596162 -0.0299075 0.999535 1.89067
0.672206 -0.740067 -0.0209728 126.902 0.740359 0.67183 0.0226384 72.8721 -0.00266381 -0.0307451 0.999524 1.91489
0.66927 -0.742887 -0.0140371 127.422 0.742935 0.668789 0.0277161 73.4611 -0.0112021 -0.0289781 0.999517 1.90663
0.666342 -0.74554 -0.0125986 127.956 0.745487 0.665756 0.0319013 74.0522 -0.0153961 -0.0306493 0.999412 1.91871
0.663056 -0.748425 -0.0147208 128.491 0.748487 0.662561 0.0279505 74.6415 -0.0111654 -0.0295511 0.999501 1.91776
0.657361 -0.753396 -0.0164586 128.993 0.753574 0.657157 0.0164881 75.2516 -0.00160622 -0.0232414 0.999729 1.93294
0.652086 -0.757882 -0.0199814 129.525 0.758122 0.652047 0.00929857 75.8975 0.00598161 -0.0212118 0.999757 1.9239
0.64702 -0.762244 -0.0186938 130.067 0.76245 0.646995 0.00814958 76.4997 0.00588282 -0.019526 0.999792 1.93171
0.641541 -0.766838 -0.019613 130.543 0.767085 0.64141 0.0132046 77.129 0.00245415 -0.0235161 0.99972 1.93471
0.635452 -0.771884 -0.0199165 131.068 0.772134 0.635339 0.0123862 77.7826 0.00309299 -0.0232491 0.999725 1.97797
0.627904 -0.777873 -0.0254909 131.524 0.778252 0.627862 0.0106257 78.422 0.00773927 -0.0265102 0.999619 1.98724
0.621269 -0.783092 -0.0281336 132.022 0.783514 0.621326 0.00770851 79.0339 0.0114437 -0.0268322 0.999574 1.99834
0.615116 -0.787984 -0.0267212 132.569 0.788376 0.615136 0.00845166 79.7317 0.00977739 -0.0262651 0.999607 2.01148
0.608595 -0.792975 -0.0283382 133.062 0.793472 0.608375 0.0168005 80.3872 0.00391789 -0.0327103 0.999457 2.01392
0.60188 -0.798128 -0.0270386 133.547 0.79858 0.6014 0.0242497 81.0527 -0.00309337 -0.036188 0.99934 2.0309
0.595571 -0.802926 -0.0246136 134.017 0.803267 0.594973 0.0277464 81.7309 -0.00763389 -0.0362962 0.999312 2.02563
0.590673 -0.806511 -0.025406 134.513 0.806849 0.589945 0.0309882 82.3893 -0.0100042 -0.0388028 0.999197 2.02602
0.587318 -0.808948 -0.0257068 135.008 0.809302 0.586615 0.0302076 83.0607 -0.00935638 -0.038546 0.999213 2.03427
0.583621 -0.811411 -0.0316053 135.456 0.812018 0.583001 0.0271399 83.7532 -0.00359571 -0.0415035 0.999132 2.04696
0.580187 -0.813495 -0.0401252 135.909 0.81448 0.579627 0.0255858 84.398 0.00244371 -0.0475257 0.998867 2.07685
0.577627 -0.815211 -0.0421717 136.381 0.816286 0.577151 0.0239351 85.0743 0.00482728 -0.0482498 0.998824 2.0734
0.575926 -0.816413 -0.0421847 136.818 0.817501 0.575208 0.0287677 85.7152 0.000778614 -0.0510541 0.998696 2.03652
0.572937 -0.818595 -0.0405709 137.321 0.819551 0.571662 0.0392326 86.4286 -0.00892277 -0.0557277 0.998406 2.05798
0.570316 -0.820489 -0.0392189 137.8 0.821247 0.568544 0.0480859 87.1387 -0.0171563 -0.0596325 0.998073 2.05742
0.566652 -0.823143 -0.0366243 138.24 0.82381 0.565149 0.0440904 87.7857 -0.0155945 -0.0551553 0.998356 2.03702
0.561694 -0.826687 -0.0329926 138.691 0.827314 0.560878 0.0311049 88.4125 -0.00720919 -0.0447666 0.998971 2.04963
0.555736 -0.830678 -0.0336386 139.149 0.831359 0.555268 0.0227869 89.1083 -0.00025011 -0.0406292 0.999174 2.03331
0.550547 -0.833799 -0.0409476 139.618 0.834804 0.549901 0.0266693 89.8323 0.000280286 -0.0488659 0.998805 2.04572
0.54424 -0.838246 -0.0338492 140.055 0.838907 0.543488 0.0292504 90.5336 -0.00612244 -0.0443155 0.998999 2.02114
0.537789 -0.842687 -0.0257355 140.496 0.843012 0.537107 0.0291172 91.2414 -0.0107139 -0.0373542 0.999245 2.0349
0.532881 -0.846085 -0.013372 140.888 0.846067 0.532467 0.0254647 91.8533 -0.0144251 -0.0248833 0.999586 2.05765
0.527961 -0.849236 -0.00741425 141.377 0.849129 0.527695 0.0227449 92.6127 -0.0154033 -0.018304 0.999714 2.05276
0.522375 -0.852716 -0.000388045 141.847 0.852648 0.522328 0.0128521 93.3385 -0.0107565 -0.0070445 0.999917 2.08465
0.516664 -0.856188 -9.07965e-05 142.238 0.856188 0.516664 0.0007307 93.9824 -0.000578706 -0.000455266 1 2.06648
0.510467 -0.859889 -0.00383612 142.706 0.859891 0.510476 -0.00169233 94.705 0.00341346 -0.00243477 0.999991 2.05281
0.505066 -0.863021 -0.0101231 143.118 0.86308 0.505025 0.00650304 95.4252 -0.000499835 -0.0120215 0.999928 2.05175
0.500801 -0.86553 -0.00748412 143.527 0.865489 0.500628 0.017329 96.1976 -0.011252 -0.0151558 0.999822 2.04394
0.49656 -0.867996 -0.00328617 143.964 0.867745 0.496317 0.0262357 96.9617 -0.0211415 -0.0158792 0.99965 2.03745
0.494353 -0.86926 0.00165032 144.372 0.869026 0.494263 0.022337 97.6771 -0.0202324 -0.00960819 0.999749 2.03221
0.492286 -0.870429 -0.00266998 144.79 0.870346 0.492191 0.0156485 98.4285 -0.0123067 -0.0100273 0.999874 2.07303
0.488871 -0.87218 -0.0175157 145.163 0.872356 0.488752 0.0107897 99.1779 -0.000849741 -0.0205547 0.999788 2.07134
0.487423 -0.872955 -0.019216 145.534 0.873165 0.487347 0.00876193 99.8604 0.00171609 -0.0210495 0.999777 2.07353
0.485234 -0.874235 -0.0161778 145.976 0.874385 0.485146 0.00920172 100.658 -0.000195849 -0.0186106 0.999827 2.07958
0.484667 -0.874601 -0.0131182 146.402 0.87468 0.484501 0.0139588 101.384 -0.00585259 -0.0182396 0.999817 2.06058
0.484292 -0.87484 -0.0107943 146.816 0.874792 0.483993 0.0221067 102.149 -0.0141155 -0.0201489 0.999697 2.0701
0.482875 -0.875689 -6.61705e-05 147.224 0.875544 0.482793 0.0182882 102.924 -0.0159829 -0.00888885 0.999833 2.07995
0.48187 -0.876242 -0.00116816 147.591 0.876213 0.481842 0.00882956 103.589 -0.00717397 -0.00527826 0.99996 2.07758
0.480191 -0.877155 -0.00400639 147.972 0.877159 0.480199 -0.00114535 104.293 0.00292851 -0.00296425 0.999991 2.08038
0.47866 -0.877991 -0.00414496 148.39 0.877956 0.478678 -0.00775739 105.044 0.00879501 7.40644e-05 0.999961 2.08701
0.477102 -0.878747 -0.0133173 148.781 0.87883 0.477134 0.000856035 105.813 0.00560188 -0.012112 0.999911 2.10492
0.476582 -0.879087 -0.00864639 149.19 0.879127 0.476532 0.0073212 106.541 -0.0023157 -0.0110904 0.999936 2.10449
0.475708 -0.879602 -0.00167494 149.632 0.879585 0.475685 0.00735202 107.35 -0.00567011 -0.00497066 0.999972 2.1203
0.474778 -0.880097 0.00396814 150.023 0.880093 0.47479 0.00313795 108.083 -0.00464573 0.00200251 0.999987 2.11679
0.474548 -0.880217 0.0047965 150.38 0.880229 0.474535 -0.00367284 108.843 0.000956785 0.00596496 0.999982 2.14471
0.474355 -0.880333 0.000706464 150.754 0.88033 0.474351 -0.00321588 109.584 0.00249593 0.00214739 0.999995 2.17113
0.473729 -0.880593 -0.0117179 151.16 0.880671 0.473682 0.00669057 110.315 -0.000341084 -0.0134892 0.999909 2.15382
0.473506 -0.88068 -0.0139579 151.562 0.880786 0.473396 0.0105847 111.087 -0.00271413 -0.0173058 0.999847 2.18225
0.473139 -0.880898 -0.0125599 151.965 0.880972 0.472995 0.0128258 111.837 -0.0053574 -0.0171333 0.999839 2.19508
0.472519 -0.881227 -0.012843 152.378 0.881297 0.47235 0.0141586 112.609 -0.00641057 -0.0180087 0.999817 2.18959
0.47251 -0.881254 -0.0111879 152.741 0.881323 0.472444 0.00808809 113.305 -0.001842 -0.0136819 0.999905 2.19624
0.471298 -0.88191 -0.0106612 153.118 0.881973 0.471283 0.00405471 114.029 0.00144854 -0.0113138 0.999935 2.22327
0.469952 -0.882471 -0.0197465 153.484 0.882692 0.469848 0.00986922 114.752 0.00056855 -0.0220681 0.999756 2.22478
0.468346 -0.883217 -0.0240666 153.847 0.883527 0.467991 0.0190882 115.471 -0.00559608 -0.0302034 0.999528 2.20921
0.466791 -0.884304 -0.0105757 154.234 0.884223 0.466465 0.0236721 116.161 -0.0160002 -0.0204012 0.999664 2.23141
0.465732 -0.884925 -0.00156897 154.58 0.884717 0.465583 0.0225592 116.833 -0.0192327 -0.0118946 0.999744 2.18241
0.464664 -0.885486 0.00142115 154.938 0.885368 0.464627 0.0156364 117.533 -0.0145061 -0.0060074 0.999877 2.19832
0.465818 -0.884876 -0.00279185 155.257 0.884843 0.465767 0.010659 118.136 -0.00813151 -0.00743548 0.999939 2.18902
0.467493 -0.883937 -0.0102894 155.558 0.883994 0.467432 0.00785062 118.763 -0.00212985 -0.0127659 0.999916 2.22477
0.467309 -0.884046 -0.00921389 155.909 0.884092 0.467307 0.00250125 119.394 0.00209449 -0.00931478 0.999954 2.17946
0.469629 -0.882818 -0.00897387 156.233 0.882848 0.469658 -0.00125734 120.023 0.00532465 -0.00733208 0.999959 2.19418
0.474239 -0.880356 -0.00840335 156.531 0.880377 0.474271 -0.00213592 120.58 0.00586583 -0.00638517 0.999962 2.22085
0.478992 -0.877743 -0.0115307 156.847 0.877817 0.47898 0.00397033 121.197 0.00203806 -0.0120236 0.999926 2.24908
0.484439 -0.874738 -0.0123682 157.154 0.874796 0.484258 0.0150496 121.726 -0.00717508 -0.0181103 0.99981 2.25842
0.488759 -0.872358 -0.0102746 157.492 0.872341 0.488525 0.0190962 122.376 -0.0116393 -0.0182964 0.999765 2.27693
0.495019 -0.868805 -0.0115988 157.82 0.868845 0.494829 0.0159118 122.939 -0.00808482 -0.0179542 0.999806 2.26526
0.501602 -0.864996 -0.013288 158.134 0.865097 0.501515 0.00945725 123.54 -0.00151636 -0.0162392 0.999867 2.25218
0.507771 -0.861317 -0.0173377 158.437 0.861465 0.507812 0.00228387 124.044 0.00683716 -0.0160955 0.999847 2.24966
0.514209 -0.857333 -0.0238519 158.773 0.857603 0.514307 0.00226424 124.622 0.010326 -0.0216197 0.999713 2.26853
0.520486 -0.853527 -0.0241969 159.135 0.853817 0.520562 0.00357124 125.218 0.00954784 -0.0225185 0.999701 2.28763
0.52528 -0.850739 -0.0180159 159.489 0.850915 0.525278 0.00522603 125.789 0.00501739 -0.0180751 0.999824 2.31366
0.530538 -0.847545 -0.0140651 159.862 0.847661 0.530465 0.00880894 126.349 -4.92577e-06 -0.0165959 0.999862 2.31948
0.534679 -0.844969 -0.0121001 160.216 0.845052 0.534582 0.0104028 126.859 -0.00232159 -0.0157874 0.999873 2.32171
0.537747 -0.843035 -0.0109596 160.552 0.843102 0.537655 0.0103108 127.377 -0.00279987 -0.0147847 0.999887 2.32288
0.538479 -0.84252 -0.0141621 160.89 0.842632 0.538329 0.0131587 127.902 -0.00346259 -0.0190192 0.999813 2.32246
0.537878 -0.842916 -0.0134093 161.254 0.843 0.537679 0.0158838 128.493 -0.00617885 -0.0198476 0.999784 2.32576
0.537075 -0.843442 -0.0124618 161.613 0.84349 0.536836 0.0182417 129.067 -0.0086959 -0.0203086 0.999756 2.34881
0.537939 -0.842893 -0.0123753 161.957 0.842929 0.537677 0.0193573 129.611 -0.0096622 -0.0208445 0.999736 2.34286
0.537174 -0.843269 -0.0184654 162.294 0.843457 0.53691 0.0175448 130.146 -0.00488071 -0.0249994 0.999676 2.33442
0.53654 -0.843455 -0.0266133 162.626 0.843865 0.536418 0.0121327 130.696 0.00404247 -0.0289677 0.999572 2.31818
0.534635 -0.844481 -0.0318816 162.954 0.844993 0.534748 0.00558812 131.221 0.0123296 -0.0299273 0.999476 2.32183
0.531302 -0.846757 -0.0268424 163.349 0.847068 0.531484 0.000433554 131.825 0.0138992 -0.0229677 0.99964 2.35993
0.527559 -0.849084 -0.0271503 163.68 0.849481 0.527566 0.00749303 132.383 0.00796136 -0.0270166 0.999603 2.38394
0.524659 -0.850927 -0.0256057 164.03 0.851311 0.524366 0.017597 132.952 -0.00154701 -0.0310308 0.999517 2.3818
0.52046 -0.853736 -0.0159897 164.368 0.853744 0.51994 0.0279908 133.527 -0.0155831 -0.0282192 0.99948 2.38914
0.51661 -0.856195 -0.00659261 164.75 0.855849 0.516144 0.0334523 134.142 -0.025239 -0.0229241 0.999419 2.37161
0.513788 -0.857894 -0.00628505 165.098 0.857604 0.513388 0.0307994 134.737 -0.0231959 -0.0212144 0.999506 2.36065
0.511971 -0.858929 -0.0112621 165.427 0.858871 0.511619 0.0242435 135.323 -0.0150615 -0.0220847 0.999643 2.38462
0.508687 -0.860793 -0.0165191 165.788 0.860937 0.508474 0.0155304 135.924 -0.00496892 -0.022122 0.999743 2.33606
0.50778 -0.861426 -0.0101717 166.134 0.861483 0.507707 0.00905094 136.534 -0.0026325 -0.0133586 0.999907 2.37157
0.507202 -0.861806 -0.00599354 166.535 0.861806 0.507129 0.0104645 137.144 -0.00597888 -0.0104729 0.999927 2.36955
0.505652 -0.862738 0.000498075 166.88 0.862666 0.505617 0.0125759 137.723 -0.0111015 -0.00592934 0.999921 2.36438
0.504412 -0.863449 0.00497156 167.241 0.863358 0.504432 0.0126878 138.337 -0.0134631 -0.00210764 0.999907 2.3461
0.503023 -0.864243 0.00719202 167.583 0.864203 0.503071 0.0085683 138.924 -0.0110232 0.00190531 0.999937 2.37076
0.50231 -0.864627 0.010255 167.949 0.864662 0.502351 0.0016802 139.521 -0.00660437 0.00802315 0.999946 2.3959
0.501684 -0.864973 0.0116223 168.305 0.865041 0.501698 -0.00192542 140.101 -0.00416546 0.0110197 0.999931 2.37357
0.500842 -0.86541 0.0149309 168.657 0.865512 0.500887 -0.000872009 140.723 -0.00672403 0.0133596 0.999888 2.38779
0.500219 -0.865677 0.0195997 169.018 0.865823 0.500347 0.00194846 141.343 -0.0114934 0.0159952 0.999806 2.39249
0.499209 -0.866214 0.0215396 169.352 0.866336 0.499427 0.00595088 141.923 -0.0159122 0.0156898 0.99975 2.36444
0.498127 -0.866866 0.0203138 169.674 0.866983 0.498312 0.00502815 142.472 -0.0144813 0.015107 0.999781 2.34065
0.499214 -0.866221 0.0211243 170.038 0.866453 0.49924 -0.00437481 143.08 -0.00675655 0.0204872 0.999767 2.3855
